-84.4329759914	-524.789901881
-84.3779203735	-524.690048365
-84.3165209121	-524.57810989
-84.2482530904	-524.453476096
-84.1734621344	-524.317245634
-84.091762763	-524.16807571
-84.0025083844	-524.004745633
-83.9086191485	-523.83189407
-83.804680093	-523.640365749
-83.6968042693	-523.442245631
-83.5810320203	-523.230331569
-83.4586508117	-523.004989774
-83.3297712638	-522.767807152
-83.1942560507	-522.520370631
-83.0489103631	-522.255722195
-82.9002382584	-521.9847261
-82.7452928853	-521.702255398
-82.5825655287	-521.406112817
-82.4153482753	-521.101913599
-82.241943581	-520.78575149
-82.0623133024	-520.457748563
-81.8763410874	-520.11802688
-81.6814806301	-519.761459498
-81.4832041091	-519.399398954
-81.2798082667	-519.028183133
-81.0716230708	-518.647445827
-80.8538839648	-518.249984889
-80.6324121777	-517.844223171
-80.4085161517	-517.436264186
-80.1786901781	-517.018173365
-79.9419557895	-516.587631374
-79.7006094283	-516.148178248
-79.4535848936	-515.697738793
-79.2044737178	-515.243393093
-78.9523622836	-514.783310086
-78.6945421518	-514.31333938
-78.4336073231	-513.838607934
-78.1656496369	-513.350326689
-77.8967172934	-512.85984817
-77.6222612703	-512.359115747
-77.3470632862	-511.856918484
-77.062259896	-511.33726516
-76.7805979085	-510.822738794
-76.4960806199	-510.302353053
-76.2093641588	-509.777084499
-75.9225504226	-509.25169387
-75.6321499172	-508.720077665
-75.3410780255	-508.187729028
-75.045838578	-507.647812039
-74.7476990048	-507.103012232
-74.4517633733	-506.562606957
-74.1526682208	-506.015854031
-73.8560345002	-505.473861842
-73.557445748	-504.928695828
-73.2556812598	-504.377914578
-72.9553234412	-503.828109889
-72.6578008947	-503.282577658
-72.3585941635	-502.733627466
-72.0275232636	-502.126938012
-71.7274143531	-501.577377467
-71.4243547744	-501.022812038
-71.1245291057	-500.474960475
-70.8245651545	-499.926742703
-70.5227081619	-499.374618675
-70.2229683236	-498.826156761
-69.9220812151	-498.275131374
-69.622382385	-497.72630325
-69.3247730554	-497.181991726
-69.0248243631	-496.633407738
-68.7214481647	-496.079086452
-68.4221212694	-495.532211451
-68.121017679	-494.980819849
-67.8228533108	-494.434188992
-67.5183846778	-493.877426297
-67.2185189551	-493.330917502
-66.9171287849	-492.780502469
-66.616768582	-492.230697783
-66.3182999913	-491.684555202
-66.0202534018	-491.139389184
-65.7227141699	-490.595443875
-65.4250519108	-490.05125442
-65.1236297913	-489.500473168
-64.823315842	-488.951522972
-64.5215494455	-488.400131376
-64.2233660051	-487.854721215
-63.9250547708	-487.308944851
-63.6241438217	-486.758407741
-63.3249828644	-486.21141067
-63.0253193197	-485.663192894
-62.7257807076	-485.114608914
-62.4267704312	-484.567489772
-62.1281425789	-484.02110305
-61.8275654153	-483.471664576
-61.5303795158	-482.927963403
-61.2315666499	-482.381088403
-60.9347936928	-481.837387233
-60.6358606654	-481.28977981
-60.3356296842	-480.739975126
-60.0349457102	-480.190048366
-59.7340195015	-479.639633329
-59.4335033734	-479.089950707
-59.1333257984	-478.540756372
-58.8326008165	-477.991073758
-58.535537941	-477.448227077
-58.2366411516	-476.901962427
-57.9351179447	-476.351059107
-57.6364395435	-475.805404809
-57.3391697229	-475.26231399
-57.0316164341	-474.698593289
-56.7328188248	-474.149887235
-56.432592613	-473.598861842
-56.1327555015	-473.050644065
-55.8308565446	-472.50071731
-55.5320551225	-471.956039578
-55.2325308156	-471.409774929
-54.930078729	-470.857895045
-54.6312792136	-470.311630398
-54.3344442666	-469.768295436
-54.0360224081	-469.222641137
-53.7361357036	-468.675399929
-53.4384100258	-468.132553247
-53.13815902	-467.585434106
-52.8383981996	-467.038314969
-52.5391542744	-466.491073755
-52.2397425001	-465.943466334
-51.9427072848	-465.398666533
-51.6441957791	-464.850692896
-51.3439562161	-464.302475123
-51.0411913219	-463.752182157
-50.7401430423	-463.202255397
-50.4429628679	-462.655258328
-50.1444246608	-462.104965356
-49.8474581079	-461.560531763
-49.5443231901	-461.006454614
-49.2454073277	-460.459091334
-48.9451143573	-459.909164578
-48.6467192004	-459.362777857
-48.3475839926	-458.815658716
-48.0499155343	-458.270614771
-47.7517263725	-457.72435012
-47.4510156949	-457.173568873
-47.1504709556	-456.624008324
-46.848350747	-456.071762234
-46.5512735681	-455.528671412
-46.2511637038	-454.979599147
-45.9521105111	-454.432235866
-45.6522562347	-453.883163599
-45.3551065754	-453.339584497
-45.0562441174	-452.79307571
-44.7556593245	-452.242904812
-44.4565317463	-451.696396021
-44.1583177885	-451.152694849
-43.8570921239	-450.603134303
-43.5563471158	-450.053573755
-43.2562601384	-449.505233913
-42.952924951	-448.952255397
-42.6057855922	-448.315780789
-42.3052999811	-447.76255813
-41.9920294124	-447.187729029
-41.6947710347	-446.643783719
-41.3953325582	-446.094833522
-41.098819955	-445.550644069
-40.8018686603	-445.006454612
-40.5022890392	-444.457870631
-40.2052843407	-443.913559108
-39.9064752874	-443.366439965
-39.6028978659	-442.810775904
-39.304157478	-442.264145046
-39.0049097357	-441.71665969
-38.7066690749	-441.170639185
-38.4066164311	-440.622055201
-38.1089098267	-440.077987818
-37.8091165844	-439.530380399
-37.5063135459	-438.977035672
-37.2064630821	-438.429184111
-36.9117700889	-437.885727078
-36.6460535357	-437.331771998
-36.3719522776	-436.780746609
-36.0991213152	-436.230453641
-35.82668708	-435.67918411
-35.5692026457	-435.118026879
-35.3666117021	-434.538803246
-35.1560709313	-433.97593704
-34.9448282538	-433.408920435
-34.7337915744	-432.840805201
-34.5216181096	-432.269149929
-34.3184549643	-431.692855982
-34.1823389353	-431.103622584
-34.0490076361	-430.519149928
-33.9119531934	-429.93748489
-33.7746317219	-429.347641138
-33.6370394052	-428.754745631
-33.498634559	-428.152938992
-33.4114191358	-427.553573755
-33.3260767293	-426.957992703
-33.2377741169	-426.364242702
-33.1886637039	-425.76536575
-33.219368202	-425.17259231
-33.300922616	-424.599838405
-33.3644525844	-424.027450712
-33.45692466	-423.45433059
-33.6244013153	-422.90696731
-33.8642008137	-422.395980984
-34.15817283	-421.923568874
-34.4342691731	-421.443344261
-34.7337381668	-420.980819852
-35.0962641051	-420.568588404
-35.5082247085	-420.222885282
-35.9601442636	-419.843734889
-36.3680918056	-419.489853052
-36.7839205103	-419.132187038
-37.2055284819	-418.769882351
-37.6336443259	-418.402206567
-38.068840248	-418.030624537
-38.5289003677	-417.694687036
-38.9802210168	-417.353256375
-39.4405023901	-417.004135279
-39.9037287072	-416.653305203
-40.3735201197	-416.297226102
-40.8480875323	-415.93699661
-41.337183219	-415.60215774
-41.8372537921	-415.29747024
-42.337291938	-414.978622585
-42.8405668564	-414.659652857
-43.3509027772	-414.336410672
-43.8685247726	-414.019638211
-44.3928148589	-413.725814967
-44.9150850598	-413.423813013
-45.4404642422	-413.120712427
-45.9681894608	-412.816269066
-46.4988500906	-412.510238795
-47.0346472084	-412.201156763
-47.5713503197	-411.891464383
-48.112234338	-411.579330592
-48.6460192035	-411.270980986
-49.1807501157	-410.96226516
-49.7219755481	-410.662582546
-50.2676412894	-410.366317899
-50.8074934304	-410.07102981
-51.3517019579	-409.77403274
-51.9040663084	-409.472152856
-52.4514677344	-409.172836453
-52.9982511826	-408.873764187
-53.5504152608	-408.572006374
-54.0997946084	-408.271713403
-54.6592867199	-407.966293483
-55.2052995979	-407.668197777
-55.7535936659	-407.36863723
-56.3044702841	-407.067489768
-56.8492281261	-406.769760278
-57.3941194841	-406.472030786
-57.942123634	-406.172714383
-58.4888613037	-405.868148953
-58.9932367638	-405.526352073
-59.4995539003	-405.193344264
-60.0079958275	-404.859481956
-60.521003945	-404.521835478
-61.0286028213	-404.18052688
-61.5262377082	-403.756454616
-61.9386217427	-403.341659696
-62.3695185012	-402.935165554
-62.791813117	-402.518783717
-63.1515352567	-402.063583524
-63.5111429523	-401.610702662
-63.8762132954	-401.152938992
-64.1854364703	-400.664169459
-64.4890901871	-400.180771024
-64.8019945467	-399.691635281
-65.1115915607	-399.195541531
-65.3605120005	-398.675644066
-65.5905535042	-398.156723168
-65.8381960229	-397.627914575
-66.0813600842	-397.098617704
-66.2712175671	-396.552230983
-66.4104425738	-395.993148949
-66.5665209133	-395.447372586
-66.6943323445	-394.890121611
-66.75695823	-394.330551295
-66.8375551525	-393.76951614
-66.8885004352	-393.210434106
-66.8583032918	-392.658554227
-66.7561914768	-392.118515165
-66.6704485246	-391.579940943
-66.5844118425	-391.025863796
-66.4957811664	-390.462143093
-66.4054262472	-389.894027857
-66.3144762337	-389.323959494
-66.1989176096	-388.75181594
-66.0122339551	-388.221176294
-65.7762186351	-387.712753441
-65.5589411081	-387.191269068
-65.3338243786	-386.65733352
-65.109478219	-386.126815944
-64.8815920171	-385.583969261
-64.651142342	-385.034164574
-64.3939783402	-384.497177274
-64.128593666	-383.974228055
-63.8650057143	-383.438827665
-63.6033556297	-382.907821804
-63.3388292608	-382.370834497
-63.068382484	-381.821762231
-62.797203287	-381.273300318
-62.5237467125	-380.721908716
-62.2501413651	-380.170761257
-61.9774401015	-379.621933131
-61.7027704557	-379.068710476
-61.4285814599	-378.515243677
-61.1541826564	-377.959457543
-60.8707430188	-377.384262232
-60.5979387593	-376.830551296
-60.3205683065	-376.268539578
-60.0406496354	-375.716537626
-59.7487528159	-375.170272972
-59.4606058425	-374.621078636
-59.1711923903	-374.070175319
-58.8842661213	-373.523544459
-58.59718345	-372.975448755
-58.3094980555	-372.42625442
-58.0201380073	-371.873886256
-57.7297937712	-371.319931176
-57.4287721942	-370.781967312
-57.130588753	-370.244735865
-56.83008979	-369.702377466
-56.5318529448	-369.164169459
-56.2304460835	-368.620956569
-55.9316370317	-368.083236843
-55.631477579	-367.543075711
-55.3323099456	-367.003646996
-55.0214426345	-366.465194849
-54.6857187571	-365.957504421
-54.3595125502	-365.443222197
-54.0145151444	-364.94151321
-53.6203768092	-364.499862821
-53.2164041838	-364.074081568
-52.8070108708	-363.646713404
-52.3559953998	-363.284530787
-51.8786928495	-362.971176295
-51.4056513135	-362.635482936
-50.9143526395	-362.340438992
-50.3959123919	-362.12791458
-49.87369178	-361.945053249
-49.3471529299	-361.742904808
-48.8130838698	-361.603622585
-48.2750971147	-361.54771438
-47.7333757703	-361.492050321
-47.1821520173	-361.435897975
-46.6355478604	-361.455307156
-46.0938494038	-361.47215286
-45.5428049382	-361.480819848
-44.9914133379	-361.49595657
-44.4493295977	-361.576034694
-43.91722892	-361.693466336
-43.3689997027	-361.790878445
-42.8167917569	-361.890609887
-42.2538568799	-361.994369654
-41.7221224129	-362.150985868
-41.2285387355	-362.38377395
-40.7529108339	-362.640365749
-40.2351839384	-362.893905791
-39.7264330208	-363.146713404
-39.2187044442	-363.400497585
-38.7044222171	-363.657089382
-38.1826670001	-363.916488795
-37.6837312999	-364.212143092
-37.178211434	-364.505478052
-36.6672098454	-364.801132349
-36.1345827411	-365.111190944
-35.6089823057	-365.416366723
-35.089706642	-365.717758327
-34.5626375508	-366.02452102
-34.0328295054	-366.3329927
-33.4964029625	-366.64500442
-32.965473396	-366.954208523
-32.434952005	-367.263412626
-31.90256904	-367.573593287
-31.3672792752	-367.884994654
-30.8332178427	-368.19590774
-30.2987673116	-368.506820824
-29.7605097118	-368.819809108
-29.2194597541	-369.133773952
-28.6832773518	-369.443954617
-28.1403963402	-369.748031763
-27.5980341255	-370.043075706
-27.0588533707	-370.339096217
-26.5115549391	-370.639022974
-25.9634249039	-370.939926295
-25.4231722174	-371.237289575
-24.8814508747	-371.535385278
-24.3397600488	-371.833236841
-23.7961008382	-372.132309107
-23.2536585171	-372.430648952
-22.7120401673	-372.728500513
-22.1626703572	-373.030868679
-21.6081240015	-373.335800318
-21.0618555376	-373.635727077
-20.5150415732	-373.935897977
-19.9691088025	-374.236068876
-19.4210932086	-374.537338406
-18.8747904117	-374.837875514
-18.3290369343	-375.137924343
-17.7775690396	-375.441146998
-17.2286722505	-375.742782739
-16.6796877213	-376.044662626
-16.1324045487	-376.345932153
-15.5877077421	-376.645980983
-15.0390932382	-376.948227076
-14.4918062515	-377.249984888
-13.9431726774	-377.552719265
-13.3220026323	-377.89500442
-12.7802088099	-378.193710475
-12.2319376291	-378.496200709
-11.6863138507	-378.796859889
-11.1429560022	-379.096542506
-10.6000902475	-379.395736843
-10.0515520391	-379.698227075
-9.49962638086	-380.001938012
-8.95816443767	-380.300155787
-8.40533087798	-380.604599145
-7.86481116695	-380.9020845
-7.32037757221	-381.201767118
-6.77713416156	-381.500717312
-6.23566077498	-381.798202664
-5.6942636802	-382.096298366
-5.14963172306	-382.396347193
-4.60592292028	-382.695297389
-4.06257270055	-382.994125513
-3.51487372711	-383.295028836
-2.9691965417	-383.595077662
-2.42560217937	-383.894149926
-1.8783609703	-384.195175319
-1.33264563896	-384.495346219
-0.783947213436	-384.797104031
-0.236789925373	-385.098129421
0.305934684235	-385.396469262
0.849620598252	-385.696029808
1.39632012113	-385.997177274
1.9426992106	-386.298080593
2.48805596115	-386.598373564
3.03490807244	-386.89939895
3.57861687569	-387.198715357
4.12583519821	-387.500229029
4.67427422386	-387.802230983
5.22389580472	-388.104843287
5.77041985374	-388.405746608
6.32120110223	-388.709091334
6.86790062755	-389.009872579
7.41328789474	-389.310165556
7.95695091883	-389.609359889
8.5042989417	-389.910629419
9.05754448799	-390.215072779
9.60110069963	-390.514145046
10.1485097588	-390.815536648
10.6950643228	-391.116439966
11.2418477703	-391.417709497
11.787013786	-391.718124537
12.333812492	-392.019394068
12.8801534355	-392.320175317
13.4347951595	-392.625961448
14.0389058772	-392.958969266
14.583011406	-393.25889602
15.1290395434	-393.560043481
15.7038381256	-393.876938017
16.255016105	-394.180648953
16.7988317182	-394.480209497
17.3430440598	-394.780136256
17.8910482091	-395.082138206
18.4410360032	-395.385116727
18.9874303506	-395.686020046
19.5358770064	-395.988266138
20.0821263965	-396.289047393
20.6311681448	-396.591293482
21.1793325127	-396.892929223
21.7279546431	-397.194809109
22.2731969542	-397.494735864
22.821292655	-397.796127469
23.3690297778	-398.097396999
23.9146917027	-398.397689965
24.4611928635	-398.698349146
25.0165975268	-398.98387161
25.5945699377	-399.204330592
26.1546514194	-399.427230982
26.7181661297	-399.651840359
27.2822530447	-399.875351097
27.8506353064	-400.089584498
28.437488334	-400.236557156
29.0256917661	-400.34031692
29.6121022867	-400.460434108
30.1941411666	-400.526840356
30.7791097336	-400.513656764
31.3461263352	-400.463852075
31.922099845	-400.430893089
32.5019643476	-400.394760279
33.0861318288	-400.357406767
33.6785848303	-400.319320828
34.2685964268	-400.254745632
34.8334310221	-400.115097191
35.388576287	-399.968124541
35.9540059739	-399.827133325
36.5212667146	-399.683334497
37.0814702681	-399.51231399
37.610286491	-399.268417506
38.1037633581	-398.987289578
38.611034171	-398.720932154
39.120372552	-398.450180198
39.6174123453	-398.15281692
40.0630452807	-397.79356399
40.4854390793	-397.417465357
40.9190251997	-397.052719261
41.3904073422	-396.652084499
41.8081014334	-396.240097192
42.2280996015	-395.835922391
42.6481740646	-395.433456568
43.0730703062	-395.025741727
43.4764058768	-394.601303248
43.8166768723	-394.130111842
44.1491811449	-393.655502468
44.4891011892	-393.184311059
44.8289296794	-392.708358916
45.176402824	-392.220443871
45.5060460741	-391.725692897
45.7820699377	-391.207626492
46.0692632357	-390.70030227
46.3597829515	-390.186020045
46.6546056459	-389.661850123
46.9507405923	-389.134994653
47.2459218663	-388.610214379
47.5424306567	-388.082992702
47.8410604174	-387.552108913
48.1400869045	-387.020492704
48.4443166419	-386.479599147
48.7483937907	-385.939071802
49.0517690349	-385.400009304
49.3548314753	-384.861313017
49.6584279715	-384.321884305
49.9626882254	-383.780990751
50.2708699857	-383.23509231
50.57602288	-382.69651809
50.8845021898	-382.145980982
51.1881749812	-381.600570826
51.493892448	-381.054550315
51.7985646881	-380.513656763
52.1035573647	-379.970443874
52.4131734546	-379.417953639
52.721187369	-378.869125513
53.0284993809	-378.322738794
53.3330648119	-377.781479026
53.6404988938	-377.235580593
53.941974418	-376.69102493
54.1907613435	-376.135238796
54.4452321689	-375.584457546
54.6998098063	-375.033920433
54.9502217944	-374.478256372
55.1504171054	-373.908188013
55.358821647	-373.338363798
55.5663259196	-372.772079614
55.7751424484	-372.198715359
55.9610402749	-371.618148952
56.0701100989	-371.02745071
56.1674459141	-370.429672388
56.270427481	-369.848129418
56.3731343912	-369.255844265
56.4681050947	-368.657333522
56.5228688898	-368.064071802
56.5896413481	-367.471054226
56.6564748449	-366.870346218
56.7239644688	-366.261337427
56.7602040935	-365.658798366
56.7373006507	-365.062362818
56.7293050445	-364.467147974
56.7164876616	-363.865463405
56.6440694501	-363.27684036
56.5299337081	-362.701156761
56.4309957192	-362.121811062
56.3270833659	-361.535507351
56.201106804	-360.952987815
56.0003774345	-360.392318873
55.7538106611	-359.86766067
55.5225789723	-359.335922392
55.2666585617	-358.814682153
54.9499318771	-358.335434103
54.6402852706	-357.858017114
54.3299367595	-357.374008324
53.994762198	-356.909408717
53.6644323036	-356.44139114
53.3308065111	-355.966293484
52.9819600766	-355.497299343
52.5784337685	-355.078598169
52.1424901655	-354.715561061
51.7194478683	-354.339584498
51.2891347586	-353.958969266
50.8488271415	-353.570785671
50.4017980251	-353.188339382
49.9355275793	-352.840072779
49.4756200484	-352.480453639
49.0094869311	-352.118026881
48.541820304	-351.755600124
48.0680425339	-351.388290557
47.5903890291	-351.018051296
47.0978124316	-350.670028835
46.6064412778	-350.321640162
46.1142232587	-349.971054227
45.6217153248	-349.620346218
45.1261556321	-349.26695266
44.62682702	-348.917343292
44.1309774099	-348.570785673
43.6287191066	-348.220443871
43.1200826338	-347.865097193
42.6043508226	-347.519638207
41.9932286897	-347.186752465
41.4666021048	-346.889999537
40.9403951339	-346.597396995
40.4028585129	-346.300521997
39.8508184126	-345.995468289
39.3088643724	-345.694931181
38.7715718911	-345.395980984
38.2338216481	-345.096664573
37.6967961951	-344.796737819
37.1602895439	-344.49937454
36.6205098804	-344.201156766
36.0747029955	-343.900619657
35.5313680351	-343.600814968
34.9819448166	-343.296615749
34.4404866869	-342.996200709
33.8995855034	-342.695541528
33.2703359299	-342.345688012
32.7274434745	-342.044540553
32.181796806	-341.74180618
31.6342199007	-341.437240747
31.091930168	-341.135238791
30.5469243698	-340.831161647
30.0063283602	-340.529892112
29.461337822	-340.22642532
28.9473149943	-339.901596215
28.4859578788	-339.527328638
28.0176046062	-339.164779813
27.5369603806	-338.79380813
27.0633504558	-338.426010279
26.6234471956	-338.020736844
26.252918023	-337.572982936
25.9332616515	-337.101669458
25.5905492464	-336.629623559
25.2525365514	-336.155624538
24.947406549	-335.65708938
24.7235524831	-335.140487819
24.5303838418	-334.612777858
24.3192479783	-334.08665481
24.1667134931	-333.549057155
24.0468862215	-333.010971215
23.9076039966	-332.467636256
23.8123204871	-331.915390162
23.7996251744	-331.365951686
23.8684957206	-330.83287063
24.0138509438	-330.327499537
24.2142903981	-329.848861843
24.3934896164	-329.355819849
24.5855138472	-328.861801294
24.8406255423	-328.405746608
25.1475713417	-327.846908716
25.3966634453	-327.378158718
25.6548574142	-326.893783714
25.9151418369	-326.405258327
26.1777761145	-325.911850124
26.443576591	-325.412338404
26.7135274576	-324.904647974
26.9855458908	-324.393051295
27.2582814872	-323.880111846
27.5354345026	-323.358505396
27.8148305585	-322.833236842
28.0967290573	-322.304184106
28.3796575235	-321.77317825
28.6649663622	-321.238266137
28.9552037887	-320.694076685
29.2439763726	-320.15257278
29.5548894577	-319.63389602
29.8617589642	-319.109726101
30.1717260047	-318.581283716
30.4875829398	-318.043808131
30.7992513349	-317.513046412
31.1133992842	-316.977157739
31.4260137241	-316.443954614
31.7411611247	-315.906234891
32.0535314267	-315.372909695
32.3674352336	-314.83616653
32.6804845491	-314.301620635
32.9957463921	-313.763778832
33.3008153596	-313.229232933
33.6112249083	-312.687606959
33.9186818766	-312.151840357
34.2289464643	-311.611557153
34.5404317538	-311.069198758
34.8523976982	-310.525131374
35.1615255056	-309.985580594
35.4693944638	-309.449081567
35.7517049492	-308.900375511
36.0194814366	-308.352768091
36.2918355634	-307.806991725
36.5670812289	-307.254379417
36.8409154576	-306.704086453
37.1148107226	-306.15281692
37.3898351379	-305.599105981
37.6659810707	-305.04331985
37.9451787645	-304.481430204
38.2206380531	-303.927353051
38.5002782504	-303.364730984
38.7784459761	-302.804184107
39.0537450479	-302.248275903
39.3309362103	-301.688705592
39.6585424122	-301.030014184
39.9380605386	-300.46836868
40.2167928381	-299.907455592
40.4938848182	-299.349228052
40.7705953303	-298.791122584
41.0463979415	-298.235092308
41.3246038125	-297.674789576
41.6027257609	-297.114486844
41.8819768593	-296.551986843
42.1600682894	-295.992050318
42.4374578161	-295.432724148
42.7145726851	-294.874496605
42.9923513101	-294.315048364
43.2693135914	-293.757064967
43.5452382731	-293.201400903
43.8210714036	-292.645980983
44.0996816334	-292.085434109
44.3770406413	-291.52745071
44.6546437911	-290.968979029
44.9319799112	-290.411605984
45.2102620772	-289.85227981
45.4860341726	-289.297958523
45.7635686566	-288.73948684
46.0422246628	-288.178695824
46.3207814865	-287.618393093
46.5974843671	-287.061020045
46.9183080369	-286.414047388
47.1986959141	-285.849105982
47.476176993	-285.290390163
47.7514913236	-284.735336449
48.0305364308	-284.172470239
48.2795140898	-283.609359886
48.5287206343	-283.051254423
48.78014733	-282.488998563
49.034251946	-281.919906765
49.286464471	-281.354477076
49.5397069632	-280.786605981
49.7930638956	-280.218734886
50.0443303737	-279.655502466
50.2981374441	-279.086654807
50.5534627603	-278.514022975
50.8060643835	-277.947738794
51.0508611365	-277.379501489
51.2719228453	-276.804794458
51.4996068662	-276.235580594
51.7281758954	-275.661972195
51.9576909699	-275.085800317
52.1891820607	-274.504745631
52.4181020433	-273.930526882
52.6469686201	-273.356552271
52.9025533352	-272.71507278
53.1339147265	-272.135238796
53.3687246008	-271.548202662
53.5994603804	-270.972396995
53.8298680946	-270.395492701
54.0591390306	-269.819564966
54.2874410327	-269.24143997
54.5148809137	-268.66404739
54.7422597583	-268.088974147
54.9720113452	-267.509994656
55.184413688	-266.927597192
55.3850057295	-266.348861842
55.5898854912	-265.768173365
55.795100945	-265.184921412
55.9994313871	-264.603988795
56.2056081474	-264.017563011
56.411891716	-263.431015161
56.6177022639	-262.845565943
56.8251912757	-262.255478054
57.0304219897	-261.672226102
57.2370717688	-261.084823757
57.4454610533	-260.492294461
57.6525838544	-259.905380394
57.8602864908	-259.318466334
58.0642659847	-258.733261256
58.2333638843	-258.147567897
58.4132344887	-257.559433131
58.5958364184	-256.964584497
58.7766683273	-256.373642116
58.9579427422	-255.780868676
59.1391561202	-255.18846145
59.3215749415	-254.592514188
59.5040090248	-253.99681106
59.6576192547	-253.39915481
59.7976644197	-252.796615749
59.942897575	-252.197128442
60.0884053875	-251.592392112
60.2318685225	-250.995590358
60.3754689852	-250.39866653
60.5215108562	-249.792099148
60.6662862485	-249.189926295
60.8117025072	-248.584823755
60.9564168628	-247.983139188
61.1011617361	-247.381820827
61.2477834396	-246.772445825
61.3950765305	-246.160141139
61.5348775547	-245.552475124
61.6608541182	-244.947982938
61.7907674479	-244.345443873
61.920680778	-243.741439965
62.0558431317	-243.112411646
62.1832235022	-242.505600126
62.2788198161	-241.901107935
62.3835561431	-241.297104031
62.4845235516	-240.692855981
62.5671193772	-240.091659691
62.6579091715	-239.481186061
62.7273519196	-238.878402857
62.753917471	-238.278793481
62.7945211104	-237.677963403
62.8014486004	-237.079696804
62.8003041919	-236.484848167
62.8028218916	-235.881088408
62.8092000649	-235.276230005
62.8669088057	-234.687118677
62.9164388363	-234.093246608
62.9654805842	-233.49571243
63.0161855399	-232.891098172
63.0673482604	-232.283798367
63.1191060717	-231.672836451
63.1710164709	-231.061142114
63.22307946	-230.448471217
63.2757985767	-229.825790552
63.3277089755	-229.211166526
63.3635366118	-228.592514184
63.4005544361	-227.982162622
63.4386098569	-227.362289576
63.4361837072	-226.744369655
63.4353139568	-226.137802272
63.4360616379	-225.525375514
63.4362905188	-224.913437037
63.436366813	-224.29405227
63.436321037	-223.679062039
63.4362294843	-223.055648949
63.4361531914	-222.424545435
63.4361989662	-221.805282743
63.4361837076	-221.186630395
63.4414327308	-220.567123558
63.4598653478	-219.949203636
63.473537222	-219.334213401
63.4878041916	-218.717514182
63.5023458158	-218.094955594
63.516811149	-217.469955591
63.5311849272	-216.850814968
63.5457112957	-216.227157739
63.5604512852	-215.597030787
63.5750997232	-214.969589382
63.5895192791	-214.348861844
63.6039998697	-213.725326688
63.6184346855	-213.103134303
63.6331899343	-212.466049341
63.6476094897	-211.84397903
63.6622579268	-211.21556106
63.6769216226	-210.585312036
63.6914022127	-209.963730006
63.7058980631	-209.340438989
63.7381856621	-208.726669461
63.7666585616	-208.109848172
63.7956502609	-207.485092307
63.8245351491	-206.864853053
63.8537862473	-206.236801296
63.882686393	-205.615585474
63.9116933519	-204.994247587
63.9408528981	-204.369369654
63.9855611497	-203.755233912
64.0287892985	-203.139389187
64.0720937427	-202.516952661
64.1441610015	-201.905380397
64.2266805333	-201.298568874
64.3042409581	-200.693710472
64.3833577785	-200.084091337
64.4626119315	-199.474228051
64.5432088544	-198.854477077
64.6235768974	-198.236435082
64.7044942541	-197.614242701
64.7845571207	-196.998275905
64.8645284349	-196.38255325
64.9444844894	-195.767074733
65.0246846853	-195.150009299
65.1050679864	-194.53111282
65.1854818042	-193.911850121
65.2665059736	-193.287704618
65.3470113437	-192.667343287
65.4268300703	-192.052841333
65.506572501	-191.438827662
65.5872762387	-190.817855983
65.6671407379	-190.20335403
65.7476461101	-189.583603053
65.8283040705	-188.963241722
65.8916890786	-188.347396997
65.9568288488	-187.733871608
66.0224111245	-187.117904811
66.088084953	-186.49974075
66.1542775813	-185.876693877
66.219692009	-185.260482938
66.2851522132	-184.644271997
66.3505361264	-184.029037622
66.41625573	-183.411361845
66.4822194733	-182.790756374
66.5478780428	-182.172470236
66.6186788253	-181.506332544
66.6845205012	-180.887313991
66.7503011394	-180.267318872
66.7998616854	-179.644760277
66.8361318285	-179.036117702
66.8768270178	-178.425155787
66.9169271164	-177.806747582
66.9565236731	-177.192489771
66.9964559246	-176.575424342
67.0366475742	-175.95457473
67.0765035326	-175.332870633
67.1223867103	-174.614486841
67.1624257723	-173.993026882
67.2025716487	-173.373275902
67.2425038995	-172.75535598
67.2826039972	-172.135482935
67.3042104401	-171.515365749
67.2992971112	-170.900619655
67.3036611258	-170.286972195
67.3069417645	-169.67161575
67.3099324874	-169.054672387
67.3128316578	-168.432968286
67.3155934974	-167.815414578
67.3183705978	-167.198715358
67.3213002847	-166.577865749
67.3243062672	-165.959213401
67.3272969892	-165.334945826
67.3246877354	-164.716781762
67.2948568031	-164.103378444
67.2737691579	-163.491439968
67.2515218431	-162.870590357
67.2290761644	-162.249130398
67.2065847081	-161.629989768
67.1841085128	-161.012802275
67.1615560217	-160.391708523
67.1389882743	-159.769516137
67.1162374197	-159.144516137
67.0655629804	-158.530990747
66.9401815109	-157.938217309
66.7598836611	-157.37620559
66.594768303	-156.808334498
66.4249227217	-156.23423782
66.2519338304	-155.655014184
66.0772054358	-155.071640161
65.9026143709	-154.488510279
65.7278554604	-153.905624536
65.5515401547	-153.318100123
65.3755757976	-152.731308131
65.1991079017	-152.142196801
65.0226094883	-151.550277858
64.89382531	-150.926986842
64.8065908125	-150.330673364
64.7064778972	-149.739853054
64.6073873216	-149.143905789
64.5071370774	-148.537582546
64.4075734778	-147.934677273
64.3077047038	-147.330185085
64.2102010419	-146.723129418
64.1717794111	-146.122787624
64.1769673985	-145.437729029
64.1668660822	-144.838974149
64.1589772871	-144.238021997
64.1515004813	-143.623520046
64.1440236728	-143.007553248
64.1363332435	-142.390976101
64.1286275559	-141.777084496
64.1210591953	-141.161850123
64.1133992842	-140.536972193
64.1057698885	-139.918441923
64.0981099769	-139.300521998
64.0904805816	-138.681747584
64.0829274817	-138.061996606
64.0753133462	-137.437484889
64.0677449889	-136.816879418
64.0601766281	-136.193100126
64.0526387868	-135.568832546
64.0451314606	-134.948105006
64.0376699146	-134.326278837
64.0299947438	-133.699936061
64.022319573	-133.076767114
64.0146291414	-132.456527857
64.0068624192	-131.835556179
63.9990651783	-131.202255395
63.9913900063	-130.572982934
63.9837300928	-129.943344265
63.9761006993	-129.318100125
63.96853234	-128.694931178
63.9608876883	-128.065170435
63.9533956207	-127.44615188
63.9457662279	-126.825546414
63.9381063161	-126.197616724
63.9305379549	-125.578842311
63.9227864923	-124.951522975
63.9150960619	-124.326400904
63.907497184	-123.701400906
63.899959344	-123.080063016
63.8924215016	-122.459213404
63.8847463296	-121.835189969
63.8771627118	-121.215072779
63.8696401276	-120.596664574
63.8615377122	-119.937362819
63.8539846117	-119.312973167
63.8464772876	-118.69163528
63.8387410818	-118.068954616
63.8308980645	-117.44090286
63.8231160801	-116.815170437
63.8153035803	-116.193954617
63.807399528	-115.575180198
63.7994954754	-114.952621609
63.7918813389	-114.330063014
63.7842824624	-113.710800318
63.7763173752	-113.084213405
63.7682912529	-112.455429227
63.7606465993	-111.834701686
63.7530782393	-111.210067897
63.7454030679	-110.587021021
63.7377736741	-109.962631374
63.7300069515	-109.340316921
63.7221334166	-108.717392114
63.7144735042	-108.095810084
63.7069661774	-107.471054224
63.6993978178	-106.848251489
63.691798943	-106.229599148
63.6840779951	-105.599838403
63.6763570472	-104.969467311
63.6686971347	-104.344223172
63.6319539718	-103.723983914
63.5841939613	-103.114853053
63.540569085	-102.499740745
63.4963948886	-101.890243678
63.4518697447	-101.278793484
63.4069173504	-100.660995633
63.361873404	-100.044174343
63.2707173992	-99.4404145759
63.1386678377	-98.8545991457
63.0205037752	-98.2598725865
62.8993947665	-97.6600190708
62.7770192791	-97.0580903585
62.6426046064	-96.4606782482
62.4459188165	-95.8964692666
62.2519796071	-95.336898949
62.0590169613	-94.7696382077
61.8609578767	-94.1972505134
61.6180379543	-93.6490327413
61.3778188395	-93.107406762
61.1375539479	-92.5579682877
60.8956258472	-92.0075532463
60.6158559487	-91.473373563
60.3273275066	-90.9539643815
60.0373647374	-90.421981961
59.6922719631	-89.905380398
59.3684957211	-89.4122163323
59.0425069507	-88.9138032491
58.6799733796	-88.449447779
58.2668111485	-88.0353852776
57.8695180573	-87.6192475846
57.4527547529	-87.1899262946
57.0131032623	-86.8144380143
56.5776021644	-86.4322358626
56.1155965498	-86.0942231682
55.6038777996	-85.8224946558
55.0952718434	-85.589828636
54.5917546913	-85.3398286384
54.0819051446	-85.0903169201
53.5534322441	-84.8661958254
53.025798577	-84.6357270759
52.487842338	-84.4483491462
51.9378698039	-84.3416596954
51.3860204372	-84.3162690704
50.8446004558	-84.3718110621
50.3106649105	-84.4272309789
49.7682302181	-84.4760591048
49.2215459509	-84.528183131
48.6668050456	-84.5613862574
48.1281240152	-84.5242768829
47.5796544725	-84.5018159412
47.0297734893	-84.4821626218
46.4723851851	-84.4610444591
45.9028890303	-84.4396821549
45.3264501261	-84.4181977808
44.7430684734	-84.4015962146
44.1711766881	-84.4482270773
43.6183202433	-84.5737153566
43.0903890304	-84.7779389881
42.5927922898	-85.0070649683
42.0886113796	-85.219467313
41.5709035565	-85.4418794191
41.0501592325	-85.6663667243
40.5246617972	-85.8932954362
39.9939382234	-86.1225434826
39.4559362096	-86.3549653566
38.9049184491	-86.5838471935
38.3468587571	-86.7424165322
37.7881429372	-86.8539887965
37.2249791799	-86.9860688741
36.6526220015	-87.1179048102
36.0738332449	-87.2501069601
35.4949605621	-87.3610688751
34.9168965996	-87.3943940657
34.3444936436	-87.4086762969
33.6981923743	-87.438705591
33.1135366129	-87.4637300074
32.5181310354	-87.4885102795
31.9213292781	-87.5038911426
31.3344152148	-87.4963227781
30.7349355387	-87.4975434812
30.1309621506	-87.4982759054
29.5247686087	-87.4987641838
28.9151570973	-87.4991303952
28.3049276057	-87.4998628171
27.6913564389	-87.5004731715
27.0753286055	-87.5008393805
26.4529988936	-87.5013276632
25.831683891	-87.5019380157
25.2134664223	-87.5024262941
24.5950963661	-87.5029145735
23.9759938895	-87.5035249274
23.3550527263	-87.5038911356
22.7320134814	-87.5045014918
22.1118962929	-87.5048677009
21.4862020183	-87.5056001241
20.8600042032	-87.5060884017
20.236881035	-87.5068208245
19.615184562	-87.5073091108
18.9870031053	-87.5081635984
18.362804191	-87.5088960216
17.7438466735	-87.5099946577
17.1113393471	-87.5109712197
16.4874684988	-87.5119477795
15.8673513104	-87.513534693
15.2461354903	-87.5156098884
14.629970329	-87.5175630124
14.0070607839	-87.5189057877
13.3870656664	-87.520736842
12.7639272371	-87.5222016862
12.1388356857	-87.5226899693
11.5147206965	-87.5215913341
10.8919484782	-87.5206147735
10.2683828046	-87.5202485588
9.65458275605	-87.5457612583
9.05913902889	-87.6472016848
8.48218895844	-87.7802583254
7.89924218028	-87.8993989485
7.30828453868	-88.0233003171
6.71917320986	-88.1469575437
6.11931969482	-88.2748872298
5.53814293642	-88.455429222
5.0018727947	-88.7049409458
4.47726036853	-88.957504421
3.77296044177	-89.287338404
3.25774742931	-89.5727387946
2.79006554512	-89.9232026641
2.37655236048	-90.3166352822
1.95505883056	-90.6950532496
1.54636742244	-91.0983735626
1.20208336751	-91.549423364
0.930324334244	-92.0362397698
0.688518303214	-92.5280610616
0.429668206023	-93.0160981696
0.170039910066	-93.5132905548
-0.0834696115926	-94.0202485607
-0.270710213692	-94.5478364518
-0.413349373266	-95.0849458249
-0.578190070926	-95.6227876227
-0.741276007495	-96.1629487542
-0.904560310475	-96.7067719987
-1.07045386569	-97.2599946554
-1.22784827504	-97.8234712142
-1.33426307084	-98.3898774674
-1.4559366529	-98.9589692615
-1.57796118769	-99.532699733
-1.70067237207	-100.113754421
-1.8183023759	-100.696029807
-1.88364050997	-101.280502467
-1.95810340048	-101.867782739
-2.03227637452	-102.457016138
-2.05440161965	-103.047836452
-2.05913184397	-103.631088403
-2.07312415412	-104.222274931
-2.08548377233	-104.821640158
-2.09729407541	-105.426254419
-2.10913489654	-106.04344192
-2.12073157518	-106.652450709
-2.13232825394	-107.266708519
-2.14406226313	-107.886703638
-2.15578101238	-108.505600123
-2.16753028124	-109.12852493
-2.1793253253	-109.751205592
-2.19119666424	-110.37583938
-2.20312903647	-111.006454615
-2.21487830451	-111.627914575
-2.22678015794	-112.252914576
-2.23872779094	-112.879257351
-2.25079749373	-113.509750515
-2.262821418	-114.138656764
-2.27481482772	-114.762069848
-2.28691504791	-115.384872585
-2.2990152663	-116.007431178
-2.31096289936	-116.632797387
-2.32402442361	-117.315048364
-2.33609412308	-117.941635281
-2.34825537878	-118.573593288
-2.36017249397	-119.194320826
-2.37208960846	-119.816635279
-2.3840982751	-120.444076688
-2.39577124862	-121.06724563
-2.40742896427	-121.691513208
-2.41933081811	-122.318100122
-2.4314005198	-122.944931176
-2.44321082241	-123.57164016
-2.454868539	-124.193222194
-2.46667121165	-124.816269064
-2.47865698847	-125.444809108
-2.49070380314	-126.076400905
-2.50273535901	-126.701400905
-2.51480506122	-127.327377466
-2.5268442462	-127.951400904
-2.53886054287	-128.573715359
-2.55091498594	-129.199691921
-2.56295417086	-129.824936059
-2.57525275496	-130.450058132
-2.58771155548	-131.084457543
-2.59292243235	-131.70750442
-2.59909461066	-132.331283717
-2.60563300445	-132.960312035
-2.61211798992	-133.581283718
-2.61853430909	-134.200668485
-2.62488959497	-134.822738794
-2.63116858655	-135.443344264
-2.63756964816	-136.063705594
-2.64418433479	-136.688339379
-2.65079901821	-137.31260696
-2.65744422236	-137.941635279
-2.66413520148	-138.565780787
-2.67094062234	-139.188949732
-2.67747138173	-139.811630397
-2.68398688477	-140.434921412
-2.69075415842	-141.058212427
-2.697483283	-141.680893091
-2.70423529739	-142.303085472
-2.7115518871	-142.928573755
-2.71931861038	-143.548080589
-2.70705817419	-144.167709498
-2.70000861248	-144.787704613
-2.69225714862	-145.407333518
-2.68385718483	-146.030624539
-2.67491553398	-146.64768997
-2.66557715682	-147.272079616
-2.65651343617	-147.893051293
-2.64742682525	-148.563095239
-2.6395838086	-149.188217313
-2.63157294382	-149.815536645
-2.62378333393	-150.438705591
-2.61539862765	-151.056381375
-2.60703681165	-151.675399929
-2.59801123862	-152.294906765
-2.58860419528	-152.917099148
-2.57832739945	-153.539047388
-2.56846259249	-154.162460473
-2.55939124408	-154.792465361
-2.55122779182	-155.410873559
-2.54283545702	-156.038070827
-2.53429053549	-156.661117698
-2.52521155623	-157.28538528
-2.51586554747	-157.912094263
-2.50693152589	-158.534530785
-2.49806617049	-159.166000512
-2.48944495455	-159.786728052
-2.48075507378	-160.413803248
-2.47231696307	-161.037582545
-2.46407721762	-161.661239774
-2.45571540127	-162.286361838
-2.44689581997	-162.9189302
-2.43818305177	-163.543686059
-2.42965339101	-164.165146021
-2.42097113869	-164.788559108
-2.41208289377	-165.41868606
-2.40375159454	-166.042221219
-2.3953897797	-166.664169458
-2.38675330346	-167.286117703
-2.37853644462	-167.913314966
-2.37124274421	-168.544174343
-2.36314795772	-169.170395043
-2.35449622304	-169.809311062
-2.3463785483	-170.437484887
-2.33864997153	-171.059311064
-2.33020423178	-171.68028274
-2.32234595431	-172.30076614
-2.31455634296	-172.927719262
-2.3063547432	-173.553939964
-2.29886267759	-174.177475122
-2.29175971053	-174.79685989
-2.28346656024	-175.41526809
-2.27386115131	-176.045395046
-2.26274512499	-176.668930203
-2.21120856446	-177.281479029
-2.16535590263	-177.891830589
-2.11898444319	-178.51194778
-2.07168982748	-179.126571801
-2.02341864805	-179.770980983
-1.97861121572	-180.384262233
-1.93307898683	-181.005966332
-1.88700507529	-181.623275906
-1.84136603563	-182.239853055
-1.79616950377	-182.859359885
-1.75089667365	-183.480575707
-1.70499060879	-184.105575709
-1.65847418969	-184.737045434
-1.61204932362	-185.362533715
-1.56570075219	-185.982528836
-1.51936743979	-186.602890162
-1.47328589688	-187.225326684
-1.46297095472	-187.844955591
-1.45611975831	-188.45298782
-1.44688056147	-189.069076685
-1.43812964624	-189.68382278
-1.42882941489	-190.302353054
-1.41938422387	-190.923690944
-1.41057227267	-191.542465358
-1.40213416325	-192.165878442
-1.37603400322	-192.790512235
-1.28358863096	-193.390243677
-1.19983313745	-193.985336452
-1.11611579166	-194.589584497
-1.03100226622	-195.192245632
-0.94445441314	-195.801254418
-0.857372506289	-196.41490188
-0.771084053325	-197.021713404
-0.683307869593	-197.633285671
-0.547741156886	-198.233993678
-0.39378760464	-198.819809107
-0.250011666329	-199.406601101
-0.102512581972	-200.00022903
0.0462224666844	-200.596908717
0.228938834334	-201.176254421
0.484538811201	-201.723617702
0.778148428479	-202.230575709
1.05849816016	-202.748886251
1.34227348934	-203.267074733
1.66180779197	-203.76194778
2.01770378859	-204.221054226
2.36363579391	-204.69505325
2.7134435348	-205.171371608
3.0674245524	-205.652328636
3.4337880789	-206.135238794
3.84289147169	-206.562484888
4.27944542601	-206.952621609
4.70148827473	-207.353256375
5.13449455932	-207.759506371
5.64794518234	-208.159652857
6.14081169968	-208.458603052
6.62932183099	-208.774032738
7.12701012311	-209.090194851
7.64403893182	-209.349960476
8.16348625906	-209.604965358
8.6885259304	-209.858749537
9.23180748755	-210.041732934
9.78746391949	-210.166977076
10.3315541906	-210.309188988
10.8788335489	-210.450668482
11.4311788247	-210.592758327
12.0011327429	-210.739975124
12.5704229054	-210.885482934
13.1499898594	-210.981674342
13.7252156917	-211.011215357
14.300098198	-211.052963405
14.8811376258	-211.094955592
15.4642751404	-211.134750512
16.048305291	-211.17527786
16.6450536418	-211.216537623
17.253108758	-211.259506374
17.8629491505	-211.300521997
18.4523046185	-211.378646996
19.0392720873	-211.458236841
19.6364247982	-211.537460475
20.2359960248	-211.617538599
20.8421209039	-211.696518091
21.4574849784	-211.776352074
22.0601155933	-211.825302271
22.6603658359	-211.880600123
23.2680852588	-211.936264184
23.8814351727	-211.991317896
24.5001714407	-212.046127469
25.1149861978	-212.096176292
25.7238729175	-212.144516138
26.3408239058	-212.193832544
26.9605062164	-212.242660671
27.5831868825	-212.28074661
28.1960866635	-212.258285669
28.7994496988	-212.245346216
29.4066274329	-212.232040552
30.0137059856	-212.217880399
30.6329229045	-212.203354027
31.2609212574	-212.188461451
31.8719899827	-212.193588405
32.4842488932	-212.193588405
33.09530236	-212.194076683
33.7152059248	-212.194564967
34.3321492849	-212.195175318
34.9680364304	-212.194809106
35.5842244786	-212.192855983
36.1995809248	-212.209335474
36.8047750165	-212.282699734
37.4049260787	-212.343979033
38.0117604908	-212.407577665
38.6189534841	-212.47203079
39.2270238573	-212.536117699
39.8370320963	-212.600326686
40.4498021788	-212.665023952
41.0710561433	-212.730453639
41.6969106375	-212.796615751
42.3163716975	-212.861923362
42.9313466713	-212.926986841
43.5566671065	-212.993271023
44.1776082693	-213.058822781
44.7935140289	-213.123520046
45.4158590005	-213.188827663
46.0219686208	-213.280014185
46.5995443033	-213.438705592
47.1804387735	-213.589706569
47.7655751889	-213.740219261
48.3600499806	-213.894760279
48.9498403227	-214.048324734
49.5405538252	-214.205429224
50.1026113195	-214.4144136
50.6240346591	-214.682235865
51.1527974778	-214.940414577
51.6846273118	-215.211288598
52.167430655	-215.536605982
52.5958593059	-215.909774928
53.0390126868	-216.274032742
53.4811437292	-216.643051295
53.8758199383	-217.058090362
54.1980779347	-217.514755396
54.4429586107	-217.997787623
54.6139333405	-218.503646995
54.7968862228	-219.002426296
54.9878041915	-219.511581565
55.1353719407	-220.030990749
55.2021138839	-220.56394973
55.2208516772	-221.083480985
55.264446036	-221.606552273
55.3062703762	-222.14170852
55.3476064366	-222.688949729
55.389522331	-223.245346218
55.4325215974	-223.805282741
55.4761312181	-224.36668411
55.5207784348	-224.940292505
55.5653340992	-225.521469261
55.6128041915	-226.146957545
55.6565206232	-226.736801294
55.6997029964	-227.333603054
55.7125356351	-227.925033718
55.7331197418	-228.520492702
55.7536428148	-229.126815943
55.7340047547	-229.729599143
55.6805989915	-230.319564967
55.6413839026	-230.912704614
55.6007039705	-231.510971215
55.5587423008	-232.116439967
55.5153157884	-232.724350124
55.4714925461	-233.337265161
55.4287526764	-233.953109889
55.3839833906	-234.569687038
55.3374288249	-235.185775904
55.2917287514	-235.812851098
55.2494466481	-236.432113793
55.2067525568	-237.051986841
55.1627156896	-237.679916529
55.1094014801	-238.299789577
55.0060537038	-238.896225122
54.9147756259	-239.494980005
54.8231160823	-240.098617702
54.7307164838	-240.708236842
54.6375615764	-241.321884302
54.5446126623	-241.933456568
54.4511983573	-242.544906761
54.3565709754	-243.168319851
54.2636983554	-243.782455591
54.1690786058	-244.399765163
54.0259359041	-244.995712429
53.8846090013	-245.582870627
53.7453420332	-246.174911649
53.6015126872	-246.779037623
53.4571950613	-247.384506376
53.3131978691	-247.985946802
53.1681020434	-248.58714309
53.0195424712	-249.192611842
52.8439290703	-249.778183131
52.6784627594	-250.36412063
52.5106542279	-250.956161644
52.3421437909	-251.549301298
52.1705892254	-252.153061058
52.0014531777	-252.747421412
51.8313253098	-253.342758326
51.6593129799	-253.94334426
51.4872472451	-254.546371606
51.3157003094	-255.148666531
51.1451757131	-255.747421412
50.9740255034	-256.346420435
50.8030355149	-256.941635277
50.6142690356	-257.522323757
50.4295919117	-258.114730984
50.2477986974	-258.700302272
50.0669515296	-259.286483913
49.8729665459	-259.871688991
49.6482885067	-260.436020044
49.4329183267	-261.005844263
49.2161367119	-261.578354027
48.9962651892	-262.159164577
48.7783544244	-262.735336452
48.5597722699	-263.313339383
48.3414647756	-263.891342311
48.1236226734	-264.467514185
47.9041326219	-265.046859891
47.684993522	-265.624130395
47.4617726966	-266.213119656
47.2432134314	-266.793930203
47.0256536176	-267.377060087
46.8065526664	-267.958969262
46.585681694	-268.536850121
46.3656881035	-269.113876489
46.1438329391	-269.700912621
45.9213063883	-270.2894136
45.6859624548	-270.858993678
45.4537007973	-271.427230984
45.2210881871	-271.999496607
44.986888664	-272.57872024
44.7553060236	-273.151352077
44.5214498215	-273.725570828
44.2851979907	-274.296981958
44.045223015	-274.871078639
43.8055226965	-275.447616726
43.5649068519	-276.021957546
43.3284032518	-276.585922391
43.0888784094	-277.159652857
42.8454091721	-277.741806178
42.6020772626	-278.31297317
42.3599202808	-278.879013211
42.1179540319	-279.449203637
41.8745610872	-280.021713404
41.6295049362	-280.596542506
41.3829152748	-281.174789576
41.1357381504	-281.753402856
40.8882711112	-282.332260281
40.6304128349	-282.898544461
40.3740728064	-283.45774856
40.1152379682	-284.025985864
39.8570058513	-284.59312454
39.5633123103	-285.238266142
39.2912633575	-285.785995631
39.0228994068	-286.340316923
38.7536962205	-286.896469262
38.4813115757	-287.459213405
38.2116277376	-288.015854029
37.9417073897	-288.572982934
37.6664693518	-289.141586451
37.3946340256	-289.703109891
37.12314202	-290.260727077
36.8329198535	-290.811630396
36.5498540566	-291.363266138
36.2666433037	-291.91502395
35.982951897	-292.467270047
35.701289908	-293.016098168
35.4169576343	-293.569931177
35.1340673149	-294.121078639
34.8493535678	-294.675277854
34.5647084888	-295.229355006
34.2802846595	-295.782943874
33.994090812	-296.339828641
33.7112386412	-296.890487819
33.425929802	-297.446273949
33.1405751872	-298.001205593
32.8560521767	-298.554428248
32.5694539736	-299.111801294
32.2786061949	-299.656723168
31.9816014931	-300.197616724
31.6872518234	-300.739975121
31.3906362229	-301.286483909
31.0957143479	-301.829696801
30.8014028242	-302.371322777
30.5043828664	-302.917465357
30.206584708	-303.465927271
29.9090078049	-304.014511258
29.6128270787	-304.559921415
29.3144872352	-305.109115748
29.0152013466	-305.660751491
28.7199590366	-306.205063011
28.4240911172	-306.750839378
28.1241567297	-307.303695826
27.8274266888	-307.84935012
27.5283544243	-308.399398952
27.2296102208	-308.950180201
26.9277379692	-309.506332543
26.6265981376	-310.060287621
26.3285863558	-310.608505395
26.0310781173	-311.15623489
25.7313192061	-311.708603052
25.4343602828	-312.256332545
25.092326897	-312.886947778
24.7968557049	-313.431747586
24.4983327554	-313.982406764
24.1992757492	-314.533310081
23.9009511642	-315.082504418
23.6037557282	-315.630844264
23.3055150671	-316.181503442
23.0093267123	-316.727401882
22.7105138466	-317.27732864
22.4135015182	-317.824325711
22.1165502227	-318.370834496
21.8163335478	-318.923080593
21.5184285804	-319.471420434
21.2205388708	-320.019516141
20.9233434363	-320.566024925
20.6268346474	-321.11082473
20.3314016045	-321.654281763
20.0354039851	-322.198715359
19.7358510649	-322.749374541
19.432040946	-323.308456566
19.1339452425	-323.858139186
18.8373067551	-324.40574661
18.5403554615	-324.953231957
18.2398564981	-325.506820825
17.9430959407	-326.053695826
17.6487844168	-326.601547386
17.3852727581	-327.155624536
17.1122930215	-327.709335474
16.8422582326	-328.258163598
16.5695073762	-328.81321731
16.3126180347	-329.378158715
16.1128957436	-329.953354028
15.900882499	-330.522079614
15.6887395561	-331.094467309
15.4782674478	-331.665023952
15.265949027	-332.240707543
15.0428502726	-332.811386255
14.8042409581	-333.369980008
14.569835442	-333.936264189
14.335002678	-334.501205591
14.0970342314	-335.073105007
13.8596532529	-335.643539575
13.6223485637	-336.213607936
13.3847234416	-336.784408717
13.1462819747	-337.357528834
12.9059713062	-337.935043483
12.6658055957	-338.512069848
12.4260442428	-339.088241726
12.1862905197	-339.664535669
11.9472692178	-340.2392427
11.6748616869	-340.895004422
11.400905387	-341.455307152
11.130626457	-342.00743118
10.8635595018	-342.556991723
10.5944020921	-343.108749536
10.3199041054	-343.663803246
10.0215413738	-344.198715359
9.73371483717	-344.732772975
9.44273735816	-345.271835477
9.14847924031	-345.81675735
8.85532738536	-346.35935989
8.55981041805	-346.905746606
8.26652123244	-347.447738793
7.96995903645	-347.996078641
7.67229821102	-348.546249534
7.37680413009	-349.092270044
7.08163811523	-349.638046412
6.78628136555	-350.183334497
6.48796440894	-350.735580591
6.19105889043	-351.28562942
5.89649559744	-351.831283717
5.59933831054	-352.381210473
5.3041494058	-352.927719262
5.00667168351	-353.479721217
4.7106282888	-354.029403838
4.41274620837	-354.581771999
4.11521508137	-355.132064963
3.82003380515	-355.677230985
3.52396752051	-356.224472195
3.227153557	-356.772445826
2.93175865931	-357.31748977
2.63444115396	-357.86656204
2.33752037724	-358.414779813
2.04027916654	-358.963485866
1.7439916305	-359.509506375
1.44645287399	-360.059555201
1.14934899169	-360.609970239
0.852504508337	-361.159896998
0.552760856808	-361.716049343
0.257968680933	-362.263046413
-0.0362818067661	-362.808456569
-0.331745367963	-363.355941919
-0.627605659887	-363.904647973
-0.923221808276	-364.452255397
-1.220737678	-365.003158718
-1.51763556589	-365.553939968
-1.8138620687	-366.103378449
-2.1577265099	-366.741439966
-2.45441077428	-367.292465355
-2.74892829161	-367.839584499
-3.04356787837	-368.385727074
-3.34007666813	-368.93540969
-3.63594458834	-369.483627466
-3.93074439297	-370.029892114
-4.22723792377	-370.579574734
-4.52360938292	-371.129135281
-4.81801245769	-371.675033717
-5.12345526915	-372.216415555
-5.43150733365	-372.753524929
-5.74061225139	-373.296005399
-6.04764197581	-373.834335473
-6.35912726662	-374.379745631
-6.66879676178	-374.921737817
-6.97909949481	-375.465072779
-7.28796790331	-376.006454615
-7.59843085543	-376.55064407
-7.91079352668	-377.098495631
-8.21783087938	-377.63706985
-8.53023169725	-378.184799344
-8.8402750314	-378.728622581
-9.1503717734	-379.272445829
-9.46235297283	-379.819809107
-9.76904700458	-380.357895046
-10.0766985249	-380.897689966
-10.3863947225	-381.441024928
-10.6984751059	-381.98851028
-11.0106088937	-382.536483911
-11.3185655912	-383.077011253
-11.6283762299	-383.6208345
-11.939373237	-384.166610865
-12.2511293708	-384.713730006
-12.5586130444	-385.253524927
-12.865810615	-385.792709498
-13.1739198996	-386.333236843
-13.4802439046	-386.871078638
-13.7881014186	-387.411850122
-14.0966303174	-387.954086452
-14.4065592136	-388.498520044
-14.7137110067	-389.03831497
-15.0217172929	-389.579086449
-15.3309252092	-390.121933132
-15.6386606517	-390.661850125
-15.9484598463	-391.204940945
-16.2558367081	-391.743759305
-16.5624582595	-392.281112819
-16.8748781494	-392.828842312
-17.1831896143	-393.369247587
-17.4945299462	-393.915023952
-17.806698068	-394.46226516
-18.1149141609	-395.002670438
-18.4518358521	-395.593124538
-18.7601473178	-396.13340774
-19.0671350789	-396.671371609
-19.3743097614	-397.209823757
-19.6836626363	-397.752060084
-19.993873817	-398.295639187
-20.3030702898	-398.837509302
-20.6114008269	-399.378158717
-20.9213259047	-399.921371605
-21.2348139111	-400.470688012
-21.5437433561	-401.012313992
-21.852169259	-401.553329614
-22.1644022288	-402.100204616
-22.4751245794	-402.644149928
-22.7845117876	-403.185653832
-23.0931665722	-403.726059106
-23.4045221634	-404.271103056
-23.7177164383	-404.818832545
-24.0268976517	-405.359481959
-24.3345491713	-405.898178246
-24.6441461876	-406.440414576
-24.9526102362	-406.980453639
-25.2605173425	-407.519760279
-25.5679399805	-408.058212428
-25.8782617874	-408.601547391
-26.1859896019	-409.140731959
-26.4972879712	-409.687240745
-26.805301889	-410.227401881
-27.1187708206	-410.777084498
-27.4298326796	-411.322738793
-27.7419168773	-411.870346218
-28.0499155354	-412.410507349
-28.356502753	-412.948349144
-28.664379343	-413.488754421
-28.9711420353	-414.027450707
-29.277530893	-414.565414576
-29.5860025717	-415.106430203
-29.893398506	-415.645614771
-30.2014810886	-416.186264186
-30.510792001	-416.729110865
-30.8187219927	-417.269516141
-31.1274683304	-417.811264182
-31.4342996915	-418.350204616
-31.7431070636	-418.892685084
-32.050678473	-419.432602078
-32.3568575215	-419.969711449
-32.6668321916	-420.513412624
-32.9745600036	-421.053329615
-33.2821619352	-421.593002463
-33.6600878062	-422.255844264
-33.9673311535	-422.794418482
-34.2787439652	-423.339950706
-34.585857612	-423.877914577
-34.8948023145	-424.419174343
-35.2026979748	-424.958603051
-35.5099756537	-425.496933128
-35.8219606708	-426.042831566
-36.1322710341	-426.586166529
-36.43998359	-427.125351097
-36.7500040354	-427.668686059
-37.0587160407	-428.209579615
-37.368511421	-428.752182153
-37.6810343098	-429.299667503
-37.9921762774	-429.84471145
-38.3006594025	-430.385727075
-38.6116602238	-430.930648952
-38.9240457839	-431.477157741
-39.2314340908	-432.014877466
-39.5405161207	-432.556381374
-39.848037942	-433.094589382
-40.1606294953	-433.639145046
-40.4753725362	-434.184066921
-40.7903101275	-434.73558059
-41.0964929898	-435.278915552
-41.3994982073	-435.815902859
-41.7034647312	-436.358139189
-41.9934370354	-436.90623489
-42.2860338518	-437.449569851
-42.5773565594	-437.992660674
-42.8699056938	-438.538192897
-43.1624872517	-439.082382351
-43.4560644468	-439.626938014
-43.750061257	-440.172714381
-44.0452310867	-440.721786647
-44.3409540483	-441.271591333
-44.6382047953	-441.824325707
-44.9327947916	-442.37181106
-45.2350618671	-442.933090361
-45.5314161619	-443.482650906
-45.8267137835	-444.029403833
-46.1219446482	-444.57566848
-46.416046363	-445.120468288
-46.7147257174	-445.673690944
-47.0116789173	-446.223251492
-47.3070204096	-446.769394069
-47.6046526262	-447.319687037
-47.9018919293	-447.869247585
-48.1987821877	-448.41758743
-48.4972269372	-448.96885696
-48.8227884617	-449.571640162
-49.1170427621	-450.118026881
-49.4152796102	-450.67234817
-49.7126467069	-451.224716336
-50.0094473199	-451.776230004
-50.303077918	-452.322250513
-50.5974352174	-452.869369654
-50.8925154044	-453.417587428
-51.1876814188	-453.965561061
-51.4857351598	-454.518539575
-51.7812635734	-455.066635279
-52.0811922371	-455.623153833
-52.376919014	-456.171737818
-52.6779024441	-456.729599146
-52.9763433756	-457.282333524
-53.2724764176	-457.830429225
-53.5689318016	-458.37962356
-53.865055306	-458.928695827
-54.1600096065	-459.475692896
-54.4560396487	-460.024643092
-54.7500097582	-460.569809107
-55.0445597009	-461.115707546
-55.3413507771	-461.66575637
-55.6398660975	-462.21885696
-55.9359953231	-462.767440945
-56.230083687	-463.312606962
-56.5249140083	-463.859604028
-56.8198549587	-464.40745559
-57.1137506797	-464.953964381
-57.4573881465	-465.592758326
-57.7525598847	-466.140854029
-58.0462915729	-466.686264185
-58.3415758435	-467.234604029
-58.6369840926	-467.782943874
-58.9312097849	-468.329330589
-59.2253677673	-468.875473171
-59.519922478	-469.421737817
-59.8147623362	-469.968490751
-60.1113302537	-470.518661649
-60.407434685	-471.068100123
-60.7023489305	-471.615219262
-60.9958984684	-472.160019069
-61.2898113542	-472.704574731
-61.5850698784	-473.251571803
-61.8814413393	-473.801010282
-62.176133377	-474.348739772
-62.4705068886	-474.895736843
-62.7689335173	-475.448959499
-63.0630428627	-475.994125514
-63.3562433539	-476.537826688
-63.6499836266	-477.084091335
-63.9452888797	-477.633773953
-64.2433340385	-478.187729029
-64.5401537265	-478.737655789
-64.834871513	-479.28416458
-65.1296827623	-479.831039577
-65.4277217234	-480.383773952
-65.7270862898	-480.938827661
-66.0202572176	-481.483627466
-66.313110573	-482.028549342
-66.6097423853	-482.580185083
-66.9059994051	-483.130600125
-67.2021715487	-483.680282741
-67.4973957362	-484.227646021
-67.7932112034	-484.775863795
-68.0872995693	-485.322006375
-68.383390647	-485.8720552
-68.6797067951	-486.422226099
-68.975159868	-486.970565944
-69.2698175724	-487.517318872
-69.5648023901	-488.064315946
-69.8622820203	-488.615951687
-70.1574537578	-489.163192896
-70.4541876136	-489.713607934
-70.7498514468	-490.262313988
-71.0450451198	-490.810287625
-71.3391573264	-491.355819852
-71.6352617568	-491.905502467
-71.9304792722	-492.454208523
-72.2278806991	-493.005966333
-72.5230409935	-493.553207545
-72.8173677748	-494.098617701
-73.1135160758	-494.64793411
-73.4197790457	-495.186874539
-73.7229187334	-495.71885696
-74.0268308943	-496.253402857
-74.3315813387	-496.78916946
-74.638073189	-497.32823196
-74.9451792066	-497.868148951
-75.2577364266	-498.417343288
-75.5695001916	-498.964584498
-75.8741743392	-499.500351101
-76.1808149635	-500.039657742
-76.4878389676	-500.577865746
-76.7953684154	-501.113876492
-77.1081735906	-501.654403835
-77.4195921256	-502.196640166
-77.7264559109	-502.739853054
-78.0312444976	-503.278671412
-78.3421232537	-503.824325709
-78.6851064987	-504.424179227
-78.9937593772	-504.96531692
-79.3007910074	-505.504867701
-79.6058275533	-506.042709497
-79.9122755358	-506.584457547
-80.2179186175	-507.12144485
-80.5304891895	-507.666000511
-80.8452551194	-508.211532739
-81.1497366258	-508.749740749
-81.4554369288	-509.299057156
-81.7607271498	-509.847152855
-82.0647451716	-510.389633325
-82.3662302316	-510.924057155
-82.6744005514	-511.470443875
-82.9887945467	-512.011215358
-83.3020346002	-512.553817898
-83.6128732998	-513.089950709
-83.922138436	-513.62193313
-84.2411463096	-514.151840356
-84.5648767798	-514.681015161
-84.8890135116	-515.217147973
-85.2134363489	-515.748642113
-85.550914987	-516.25389114
-85.901424628	-516.741439969
-86.2470686265	-517.240219262
-86.5991098721	-517.748520043
-86.956741555	-518.254623559
-87.3500826183	-518.710434106
-87.7422888103	-519.165268094
-88.1664011294	-519.580917508
-88.5854112935	-519.989730983
-88.9873659444	-520.385482935
-89.3749830556	-520.765976101
-89.7429277744	-521.126205593
-90.0802042315	-521.455795436
-90.363920434	-521.732406765
-90.5897753069	-521.951522974
-90.7479154895	-522.103866722
-90.830902321	-522.182846214
