-85.6156236954	-526.474838406
-85.5348722763	-526.329818871
-85.4841558776	-526.23912063
-85.426651223	-526.136337429
-85.362962944	-526.022201684
-85.2921297378	-525.895126489
-85.2144796669	-525.755722191
-85.1301004727	-525.604232933
-85.0392668062	-525.441269069
-84.9404032048	-525.263534692
-84.8336374603	-525.071396025
-84.7210008926	-524.868393092
-84.6009962406	-524.65257278
-84.4743559197	-524.424301294
-84.341970665	-524.184921413
-84.2034075086	-523.934311063
-84.0581228579	-523.670883328
-83.9039499591	-523.389389187
-83.7451307606	-523.100692897
-83.5793325731	-522.799179227
-83.4076978982	-522.487411646
-83.2267935104	-522.161483914
-83.0366804438	-521.819076685
-82.8438932744	-521.471664576
-82.6472799613	-521.117416527
-82.4467718441	-520.755355982
-82.2395384134	-520.381332544
-82.0251657796	-519.993881374
-81.8045713735	-519.594833521
-81.580778344	-519.189926296
-81.3509485548	-518.773788598
-81.1158354115	-518.349228056
-80.877765877	-517.918808134
-80.6354086235	-517.482162622
-80.383898002	-517.029892114
-80.1293871221	-516.572006371
-79.8734724353	-516.110580591
-79.6145269707	-515.643417507
-79.349289161	-515.16526809
-79.0799124065	-514.679672389
-78.7786562266	-514.136825711
-78.5009691546	-513.636947778
-78.2229578332	-513.135727077
-77.9407331775	-512.626938013
-77.6553709331	-512.112533718
-77.3642752005	-511.587509307
-77.0731203376	-511.061874536
-76.7800524074	-510.53257766
-76.4847051931	-509.998275905
-76.1895162886	-509.463607933
-75.890136941	-508.921737821
-75.5935671175	-508.385605006
-75.29483245	-507.845565942
-74.9914324121	-507.297470242
-74.6872007675	-506.748397976
-74.3835089048	-506.200180202
-74.0750515294	-505.643051296
-73.7702648462	-505.093124535
-73.4676754312	-504.547348169
-73.1666729284	-504.003280788
-72.864059669	-503.454940943
-72.558934433	-502.901962427
-72.255913956	-502.353256375
-71.9554903338	-501.809311061
-71.6517851187	-501.259872587
-71.3503229438	-500.714950708
-71.047184212	-500.167099147
-70.7461139986	-499.62315383
-70.4442703542	-499.077499539
-70.1397936173	-498.527084498
-69.83901809	-497.983505398
-69.5327169718	-497.429428247
-69.2327177355	-496.887191917
-68.9290191967	-496.338241727
-68.6251222921	-495.789413602
-68.323148949	-495.243515159
-68.0216629329	-494.697128443
-67.7199127498	-494.150985864
-67.4149529775	-493.600692894
-67.1103756251	-493.052230981
-66.8099672613	-492.509872582
-66.5099308316	-491.967392116
-66.2085850061	-491.423080593
-65.9035479844	-490.87242141
-65.6016743015	-490.327133324
-65.3014094667	-489.784530788
-64.9985401457	-489.237289574
-64.6953832922	-488.689682156
-64.3947050415	-488.146347196
-64.091732247	-487.598373561
-63.7776024167	-487.030258327
-63.4767505958	-486.486190944
-63.1721279441	-485.935287621
-62.8701326678	-485.388900904
-62.5692398374	-484.844955588
-62.2660515139	-484.297226102
-61.964338525	-483.752304225
-61.6625845261	-483.207504422
-61.3600332573	-482.660873561
-61.0589315732	-482.116562039
-60.7563745804	-481.568832543
-60.4536259011	-481.021225124
-60.153827889	-480.479477077
-59.851320489	-479.933212426
-59.5489475573	-479.387069849
-59.2487022709	-478.844589381
-58.9460842442	-478.298202662
-58.6444017721	-477.753646996
-58.344204171	-477.211654809
-58.0411493605	-476.664047387
-57.7368681256	-476.114608912
-57.4359648054	-475.571151883
-57.13633178	-475.029281767
-56.8312914202	-474.47605911
-56.5319444976	-473.932480007
-56.2305891346	-473.387313991
-55.9270746529	-472.840316921
-55.6238748861	-472.295150905
-55.3229486771	-471.753036649
-55.0145075161	-471.196762232
-54.7133791269	-470.653305202
-54.4102022483	-470.1052095
-54.1057703327	-469.55540481
-53.8033888164	-469.009994656
-53.5026552522	-468.467758327
-53.1996176072	-467.921615749
-52.8978445368	-467.377548365
-52.5953790981	-466.831283718
-52.2936403567	-466.285995633
-51.9901029899	-465.735946807
-51.6865427313	-465.185531765
-51.3815080961	-464.634872583
-51.078968271	-464.091415551
-50.7769739461	-463.546981955
-50.4656526882	-462.981796413
-50.164728388	-462.433578637
-49.8601343457	-461.880600123
-49.5581781692	-461.334335475
-49.2565996472	-460.788803247
-48.9543268522	-460.241684106
-48.6341554956	-459.662460473
-48.3312685309	-459.115097191
-48.0273649529	-458.565902859
-47.7264826125	-458.021835476
-47.4190904926	-457.465927271
-47.1134035425	-456.91331497
-46.8116991338	-456.368148952
-46.5104524911	-455.823959499
-46.2073099449	-455.275863795
-45.902645332	-454.725204615
-45.6006319343	-454.179062037
-45.2987062771	-453.633529812
-44.9956495587	-453.086044462
-44.6899740538	-452.533798364
-44.3844702062	-451.982284694
-44.0801737133	-451.433456569
-43.7783186259	-450.889145044
-43.4769422829	-450.344833524
-43.1705190961	-449.792343288
-42.8664858182	-449.244613794
-42.5632059402	-448.6956636
-42.2617151556	-448.146835472
-41.9605715098	-447.600326684
-41.6582548438	-447.053817896
-41.3548395463	-446.50450149
-41.0538828211	-445.958480984
-40.7513353659	-445.41038528
-40.4494821851	-444.864608914
-40.1485979382	-444.31993118
-39.8486444791	-443.776962427
-39.5482828441	-443.233261255
-39.2465402907	-442.687362819
-38.9427835762	-442.138412622
-38.6418649989	-441.594589381
-38.3398592301	-441.049057155
-38.0277788469	-440.485824733
-37.7242204981	-439.938095239
-37.4244425131	-439.396713404
-37.1212808932	-438.848861841
-36.8208963706	-438.306259302
-36.5561182314	-437.74656692
-36.2919122999	-437.193466335
-36.0249826742	-436.636825708
-35.7613565757	-436.084213406
-35.5001032186	-435.527084499
-35.296055062	-434.952377464
-35.0975687333	-434.384872584
-34.8933412849	-433.813583521
-34.6898081134	-433.240951683
-34.4863779375	-432.667709498
-34.267673714	-432.051498558
-34.1014292085	-431.457992703
-33.970512612	-430.873397975
-33.8262979807	-430.286483913
-33.6828958822	-429.69529739
-33.5407755204	-429.107406765
-33.3971597983	-428.512802271
-33.2941286392	-427.91429153
-33.1885835949	-427.317733913
-33.0839578952	-426.712387232
-33.0422098475	-426.111313013
-33.0793039625	-425.52427688
-33.1146051728	-424.939438012
-33.1477548918	-424.347763209
-33.2330858544	-423.774276883
-33.3956873254	-423.223373561
-33.6334574059	-422.704208522
-33.9346506423	-422.240219264
-34.2991525951	-421.828842312
-34.6906473482	-421.465316923
-35.0685236288	-421.085312039
-35.4560739828	-420.700668484
-35.8496706316	-420.311996606
-36.2453005144	-419.921615747
-36.6480791405	-419.524154809
-37.0539591152	-419.123642117
-37.4826814953	-418.740951688
-37.9305841746	-418.383773953
-38.3690225912	-418.016586449
-38.8128588046	-417.645858912
-39.266605598	-417.279037625
-39.7568323435	-416.970932154
-40.2579843826	-416.686874536
-40.7507860493	-416.39048782
-41.2498781515	-416.092758325
-41.7593881922	-415.790512229
-42.2684519127	-415.489730981
-42.7844641029	-415.184921408
-43.3115827863	-414.873275904
-43.8350527111	-414.563095239
-44.3632128068	-414.250229031
-44.8949396444	-413.935531762
-45.4269487692	-413.620712432
-45.9582292855	-413.306137232
-46.4892370539	-412.991684109
-47.0276052782	-412.673080592
-47.5622904118	-412.356308133
-48.0961134279	-412.03977981
-48.6293241808	-411.723373563
-49.1678373646	-411.404037622
-49.7337133713	-411.068588405
-50.2662699057	-410.752914575
-50.7989981	-410.437484889
-51.3399774878	-410.117050317
-51.8783018425	-409.798446803
-52.4130575481	-409.481674344
-52.9503710097	-409.163314966
-53.483961326	-408.84715286
-54.0178625408	-408.530746606
-54.5541899044	-408.213363794
-55.1011736221	-407.889755398
-55.636787636	-407.572738795
-56.1744806601	-407.253891141
-56.7128183685	-406.934677272
-57.2554972006	-406.613021995
-57.7940561593	-406.29380813
-58.3267938916	-405.977890164
-58.8640711146	-405.659164574
-59.4042780217	-405.338241724
-59.9389116595	-405.017929226
-60.4307672807	-404.657089379
-60.8596269919	-404.243881377
-61.2811739262	-403.834823757
-61.7119409859	-403.424911645
-62.144890053	-403.010482934
-62.5670778585	-402.592514188
-62.9318163224	-402.129867701
-63.2713930439	-401.663070824
-63.6279032073	-401.197372585
-63.9878122636	-400.722152858
-64.351471169	-400.239120632
-64.7163851084	-399.753646999
-65.078949195	-399.269760281
-65.3917467416	-398.765731955
-65.625629646	-398.23497024
-65.8240740142	-397.699813989
-66.0405962295	-397.165512231
-66.2576105426	-396.619369656
-66.4799310981	-396.057724146
-66.6576807327	-395.490463408
-66.7507784188	-394.923935083
-66.7628252325	-394.367172393
-66.7503282856	-393.816757349
-66.7544596014	-393.254257348
-66.7546884839	-392.684311058
-66.7535250005	-392.101791529
-66.7424051588	-391.515121609
-66.6610224072	-390.950424344
-66.5043337165	-390.417953638
-66.2797014565	-389.910141143
-66.0557329478	-389.359604029
-65.8434831919	-388.839706568
-65.6293794928	-388.315780788
-65.4119188628	-387.784164578
-65.1877786946	-387.239486843
-64.9638788535	-386.692978055
-64.7425882653	-386.146591333
-64.5199320157	-385.59458938
-64.2920381847	-385.032211449
-64.0618364643	-384.465927272
-63.8316271129	-383.898544461
-63.6023294753	-383.33201614
-63.3717310262	-382.761703638
-63.1351282429	-382.198837428
-62.8770792303	-381.650253443
-62.623043283	-381.091415556
-62.3655702887	-380.527816918
-62.1077272735	-379.964462431
-61.8510172199	-379.403793481
-61.5930406882	-378.83909622
-61.3279497458	-378.281723171
-61.0581934269	-377.729110865
-60.793117744	-377.179184109
-60.5249979318	-376.623764185
-60.2358743966	-376.087143092
-59.9463579489	-375.548935087
-59.6551554037	-375.006210476
-59.3612482382	-374.459213406
-59.0691072778	-373.915512232
-58.7762186362	-373.369857938
-58.4845125508	-372.825302273
-58.1924059222	-372.280380397
-57.9004938438	-371.735702662
-57.6064455332	-371.187118678
-57.3134195651	-370.640609888
-57.01987098	-370.093124537
-56.7245905232	-369.542221217
-56.432155829	-368.997055201
-56.1391565635	-368.451156764
-55.8417818369	-367.898178248
-55.5450174646	-367.345565941
-55.2494051286	-366.794540551
-54.954014045	-366.243759302
-54.6576158825	-365.692245631
-54.3523981397	-365.147567896
-53.99856208	-364.656723173
-53.6015131284	-364.220810083
-53.2147333472	-363.775741725
-52.8202249826	-363.33116165
-52.3871195135	-362.942245631
-51.8789675066	-362.60618606
-51.375839454	-362.365463403
-50.8717768033	-362.108017112
-50.3627664871	-361.867416527
-49.8383142775	-361.706894071
-49.3040964438	-361.618881374
-48.7671854334	-361.514755398
-48.2242090534	-361.406845242
-47.6729471505	-361.334091337
-47.1231005028	-361.326034694
-46.5754129707	-361.295883326
-46.0150072397	-361.267807156
-45.46593879	-361.30491653
-44.939396127	-361.424789577
-44.4408075629	-361.61045852
-43.9255068131	-361.778183132
-43.401767952	-361.946151882
-42.8765070279	-362.116928248
-42.3375208207	-362.291732934
-41.7883417434	-362.469711454
-41.2507898627	-362.660263207
-40.7457964241	-362.920150903
-40.2496301971	-363.186264188
-39.7414591147	-363.447250512
-39.2298128433	-363.711776881
-38.7110330872	-363.980087428
-38.1897432641	-364.248764185
-37.6552469559	-364.524154812
-37.1194116888	-364.800277859
-36.5825006788	-365.078231963
-36.042156441	-365.358139184
-35.498611672	-365.639389185
-34.95290397	-365.921981963
-34.3989069302	-366.209701686
-33.8471643749	-366.495956567
-33.2942812276	-366.782821803
-32.7433130572	-367.069076683
-32.1909754099	-367.356186062
-31.6359560308	-367.644271997
-31.080558999	-367.932235865
-30.5301096268	-368.218002469
-29.97431968	-368.506454617
-29.4187967604	-368.794052271
-28.8627054518	-369.081405788
-28.3129007641	-369.365097193
-27.7589838343	-369.651840357
-27.2093660653	-369.937973169
-26.6635553672	-370.243148952
-26.1229822462	-370.538314967
-25.5813906012	-370.834823756
-25.0015680629	-371.152938992
-24.4545175849	-371.453476097
-23.9083330458	-371.753280784
-23.3615152676	-372.053451684
-22.8152201006	-372.353012231
-22.2732240977	-372.650375514
-21.7255251254	-372.950790551
-21.177513344	-373.251327662
-20.6333811122	-373.549301297
-20.0807764361	-373.852035671
-19.5295183493	-374.154281761
-18.984497293	-374.45335403
-18.4394419037	-374.752182155
-17.8933451019	-375.051620629
-17.3445627522	-375.352279813
-16.7974321662	-375.652206568
-16.251335365	-375.951889183
-15.7053987819	-376.251815946
-15.1580431302	-376.552475123
-14.6097299878	-376.853988796
-14.0647203753	-377.153915551
-13.5188333818	-377.453964383
-12.9672243437	-377.757187038
-12.4189112018	-378.05870071
-11.8741762462	-378.358139186
-11.3265802684	-378.659164576
-10.779972298	-378.959701688
-10.231849891	-379.261215355
-9.68983863154	-379.558578642
-9.14705298666	-379.856674344
-8.60269568802	-380.155624536
-8.05044959317	-380.458847194
-7.50711463147	-380.757187039
-6.9640543288	-381.055404811
-6.41917060257	-381.354110865
-5.86830542836	-381.656112819
-5.32416175085	-381.954818873
-4.77894995967	-382.254013208
-4.2306711495	-382.554794461
-3.68501685467	-382.853988798
-3.136203987	-383.154525907
-2.58380530635	-383.45762649
-2.03559516056	-383.75828567
-1.49208472343	-384.056503445
-0.947406990745	-384.355209498
-0.402530892577	-384.654037623
0.144397515629	-384.95396438
0.69571282278	-385.256210475
1.24460198154	-385.557235863
1.78782250272	-385.855331567
2.36881615571	-386.174057156
2.9153402017	-386.473495632
3.46224571881	-386.773300319
4.01513268205	-387.076278839
4.5586583782	-387.374252466
5.10779930849	-387.675644067
5.6551778494	-387.976303246
6.20361687499	-388.277328641
6.74740196916	-388.575912622
7.29156090494	-388.874618677
7.8369481737	-389.173813012
8.38604332675	-389.475204617
8.92987420072	-389.773666528
9.48928429396	-390.080673364
10.0341756517	-390.379989771
10.5809743572	-390.680160671
11.1272695223	-390.980209499
11.6747090977	-391.280868677
12.2197911901	-391.580429224
12.7649343186	-391.87998977
13.3134648966	-392.181503445
13.8604848546	-392.482162621
14.4038732209	-392.78099075
14.9529378571	-393.082870632
15.4999578177	-393.383651883
16.025844352	-393.710556181
16.5400121384	-394.036972195
17.0613057782	-394.36399856
17.5863149334	-394.694442898
18.1066930461	-395.021957546
18.6327245408	-395.353134304
19.1679647135	-395.67356887
19.713405388	-395.962997583
20.2514836952	-396.259750514
20.7934987724	-396.557235865
21.3308751758	-396.851669461
21.8709371248	-397.147689968
22.4197499912	-397.44822708
22.9666555086	-397.747909693
23.5125463168	-398.047104029
24.0638997743	-398.349228053
24.614681022	-398.640121608
25.1805226979	-398.86351028
25.7631185226	-399.017563014
26.3317525557	-399.180893092
26.9107396788	-399.345932157
27.4895436941	-399.497421413
28.0750844638	-399.586898956
28.6603505775	-399.686386256
29.2469136874	-399.786972193
29.8653066338	-399.865341336
30.4537770904	-399.860946802
31.0325429615	-399.825302268
31.6113774951	-399.805160669
32.1939351727	-399.781967309
32.7793386168	-399.741684109
33.351062553	-399.628280788
33.8943135906	-399.443832544
34.4410970377	-399.269760279
34.9888036421	-399.097397
35.5447347335	-398.920150904
36.1054952316	-398.740707543
36.6732595151	-398.55894485
37.2410237956	-398.365951687
37.7713277508	-398.111801294
38.2993886637	-397.858139186
38.8320501011	-397.608139187
39.3672826474	-397.341537623
39.8574025795	-397.01609817
40.3315465631	-396.680771024
40.8208882972	-396.349228054
41.3109166797	-396.014511256
41.7990606	-395.677963405
42.2537801423	-395.298080591
42.6489217442	-394.870102074
43.0516622241	-394.44651809
43.4534108815	-394.025741723
43.860973137	-393.595321802
44.2456014327	-393.144516138
44.5589559253	-392.655990751
44.8665883718	-392.171737818
45.1817586573	-391.686996608
45.4982106867	-391.196029808
45.8187368087	-390.697250515
46.1442449276	-390.190292506
46.4713552161	-389.681137232
46.8032949143	-389.164413601
47.1333882966	-388.650741727
47.4628865875	-388.138412624
47.7936971366	-387.624008325
48.1294362717	-387.101913599
48.4667165453	-386.577255397
48.8035848305	-386.053451685
49.1427877123	-385.526107938
49.4624746016	-385.001815945
49.7380941086	-384.462631371
50.0248830467	-383.929794459
50.3120534588	-383.393539577
50.6047704401	-382.849594261
50.8961141287	-382.304062038
51.1973989182	-381.734115748
51.4885518732	-381.182113795
51.7795217213	-380.636703637
52.0711476964	-380.090805201
52.3641393368	-379.540268092
52.6566579514	-378.990707544
52.951473014	-378.438339381
53.2424123467	-377.893295438
53.5334355995	-377.34825149
53.8255117119	-376.801864774
54.1222722701	-376.246566919
54.4104116139	-375.694198756
54.6349141776	-375.127182155
54.8458821947	-374.558090356
55.0620992357	-373.996688989
55.2802388846	-373.424301294
55.4976766279	-372.852279808
55.6891133956	-372.270980984
55.8026693045	-371.681625512
55.9090078048	-371.097885279
56.021373526	-370.512924345
56.1319234546	-369.925399928
56.2434041671	-369.331283717
56.3566701577	-368.728134301
56.4691732111	-368.127426295
56.571437614	-367.527694853
56.605479971	-366.920028833
56.6177022621	-366.316146998
56.640636222	-365.720443877
56.6616475745	-365.106918482
56.6822621989	-364.499618677
56.6904256511	-363.89146438
56.6275441811	-363.28868118
56.4886739431	-362.714950708
56.3176839518	-362.159164576
56.1596486751	-361.599838405
55.9962270439	-361.035385279
55.8158834148	-360.466293483
55.6095998473	-359.915390162
55.4118611991	-359.357162624
55.203990714	-358.798568871
54.93528344	-358.265365748
54.6052053137	-357.78599563
54.2227895433	-357.360214382
53.8561818766	-356.932968285
53.4851033866	-356.501083521
53.1098592451	-356.067001491
52.7265737221	-355.624252468
52.3425557796	-355.181015162
51.9521749173	-354.729965356
51.5246083919	-354.25767532
51.0943181672	-353.852768091
50.6708638835	-353.434799342
50.2362783126	-353.006454615
49.7962148356	-352.597152855
49.3173024828	-352.252426292
48.830005424	-351.937729029
48.3496740018	-351.610824733
47.8579824151	-351.279159694
47.361102837	-350.945419456
46.8637349781	-350.611923365
46.3613240898	-350.275375516
45.8562123949	-349.936508327
45.3502538374	-349.596420435
44.841991204	-349.254623559
44.3303411176	-348.910141137
43.8143727951	-348.584945827
43.2902333902	-348.250717313
42.7703511888	-347.917709496
42.2485387482	-347.583114772
41.7327230136	-347.252548367
41.2108876876	-346.935775906
40.6700856857	-346.661605981
40.1284139317	-346.373275904
39.5862233813	-346.085434107
39.0432393712	-345.797592311
38.5004079508	-345.50865188
37.9589421922	-345.21849075
37.4337270426	-344.916488795
36.9006459889	-344.619369653
36.3673055345	-344.321640162
35.8232000041	-344.0171968
35.2832677537	-343.71556106
34.7402761151	-343.411728053
34.1957738572	-343.106552275
33.6504705134	-342.800155787
33.1097371734	-342.49668899
32.5693013825	-342.193832546
32.0267903974	-341.889389186
31.4830434503	-341.583236841
30.9410665212	-341.277816917
30.4011342701	-340.973373561
29.8604543367	-340.6689302
29.3328817054	-340.343612819
28.8541143112	-339.986557154
28.3626973798	-339.639633331
27.8660543124	-339.288314965
27.3673207924	-338.935531764
26.902034538	-338.556747585
26.5002553627	-338.128646999
26.1645009688	-337.655136254
25.8403661426	-337.190170439
25.5029943147	-336.717636255
25.1759603202	-336.237289579
24.9111592945	-335.726669461
24.7270848907	-335.198959499
24.5876958544	-334.668197784
24.423358696	-334.131820826
24.2708470997	-333.587021024
24.1929662403	-333.039657739
24.1993901903	-332.50010696
24.2623403226	-331.971176295
24.2998540562	-331.434066922
24.3523824381	-330.886093287
24.4761007014	-330.36021438
24.595355765	-329.832748563
24.7207143473	-329.308212427
24.9133184119	-328.818832546
25.1522329027	-328.355819847
25.373828665	-327.869980005
25.6046407389	-327.382675317
25.8721883462	-326.916977079
26.1258809746	-326.44456497
26.3853032744	-325.959945827
26.647029656	-325.470443871
26.9106176061	-324.976913602
27.1788671185	-324.474960475
27.4490468676	-323.969467309
27.7260015196	-323.451156763
28.0028951354	-322.933090358
28.281673209	-322.412704618
28.5649755172	-321.883896024
28.8482625662	-321.355331569
29.1360814734	-320.818588402
29.4234502489	-320.282577664
29.712688224	-319.742294458
30.0054052051	-319.195541529
30.3002889316	-318.645858909
30.5946386025	-318.097152854
30.8871953652	-317.551742701
31.1803243336	-317.004501493
31.4737508472	-316.456405788
31.7682225879	-315.905868677
32.0617940594	-315.356918479
32.3569371863	-314.804550319
32.6492345515	-314.257919458
32.9407231973	-313.713241727
33.2333562546	-313.166244656
33.5291249906	-312.613144065
33.8215291661	-312.06675735
34.1202047053	-311.508651881
34.4131963429	-310.96116653
34.7070501023	-310.411605982
35.0000341116	-309.863998561
35.2918279349	-309.319076683
35.5857885048	-308.770248562
35.8780095745	-308.223617698
36.1710851369	-307.675644069
36.4682271642	-307.12144485
36.7621267011	-306.573227075
37.0542714769	-306.02732864
37.345966117	-305.482406766
37.6408269585	-304.931747582
37.9370763471	-304.378646998
38.2323415459	-303.827743676
38.5279882118	-303.275375515
38.8256185227	-302.718612822
39.1192128814	-302.16856399
39.4148290317	-301.614975126
39.7111623443	-301.061996605
40.0088002845	-300.507187037
40.3030355138	-299.957870627
40.595416802	-299.410873562
40.8885991751	-298.862167503
41.1867406544	-298.304306181
41.482311026	-297.75144973
41.7796209025	-297.195663599
42.0766942661	-296.640365747
42.370441216	-296.091171414
42.6532476111	-295.53062454
42.9291341485	-294.982895045
43.2064778978	-294.434188987
43.4871938392	-293.878402858
43.768649834	-293.320907742
44.0471837689	-292.769638211
44.326633233	-292.216781766
44.6085164719	-291.659042508
44.88940789	-291.104232937
45.169910211	-290.549545435
45.4415166555	-289.995956568
45.713908928	-289.444442898
45.9872243575	-288.891220241
46.2614782022	-288.335800317
46.5336492236	-287.780502466
46.7905385669	-287.214462426
47.0509984652	-286.654525903
47.3107106863	-286.095199734
47.5701482458	-285.536605981
47.8336293852	-284.96897903
48.093127983	-284.409408716
48.3742482829	-283.803695827
48.6311147384	-283.238144069
48.8749349279	-282.667587429
49.1220815341	-282.101913598
49.3695256872	-281.534042508
49.6162679365	-280.967147974
49.8624227215	-280.402328641
50.1135518721	-279.826156763
50.3619420707	-279.256332546
50.6104238197	-278.685775904
50.8592031179	-278.11473098
51.1066854174	-277.546493676
51.3552053155	-276.97630325
51.6084478081	-276.395370631
51.8565633463	-275.826156761
52.0875432665	-275.253158717
52.3205754928	-274.682235865
52.555904166	-274.106674342
52.789310234	-273.535385277
53.0240361851	-272.960556179
53.2539174731	-272.38743606
53.469012994	-271.809188989
53.6895940478	-271.233383324
53.9113271402	-270.653915555
54.1339147254	-270.072250515
54.3546407378	-269.490951688
54.5722692176	-268.91380325
54.7910115893	-268.334457548
55.0128133476	-267.749618678
55.2343862214	-267.166244654
55.4563100506	-266.58287063
55.6774861991	-266.001693876
55.858669059	-265.413681178
56.0230062168	-264.827377468
56.1947438888	-264.240097196
56.3676259695	-263.644638208
56.5388295811	-263.053817897
56.7113607097	-262.458480983
56.8844106364	-261.861923365
57.057643668	-261.264755394
57.2314412764	-260.665390163
57.4073903737	-260.060165551
57.5836751632	-259.460067896
57.7557027519	-258.866684105
57.9289205237	-258.26182571
58.1036031428	-257.653549341
58.2797200841	-257.046981959
58.4528768241	-256.450546414
58.6261556322	-255.852157741
58.7980306327	-255.258896018
58.9734304124	-254.653793479
59.1466024085	-254.056503445
59.3208272623	-253.456161644
59.4932515792	-252.861923365
59.6669118576	-252.263900904
59.8394124691	-251.66966262
60.0147969887	-251.066024929
60.1882589031	-250.469467307
60.3611104653	-249.874740748
60.5344503092	-249.277816919
60.7068135898	-248.684188988
60.871928947	-248.086776883
61.0391194997	-247.490707546
61.2030599285	-246.895248558
61.314067619	-246.292099144
61.4290883716	-245.695297389
61.5448873219	-245.101059108
61.661174553	-244.49754348
61.7783620538	-243.888412625
61.8951070475	-243.280868677
61.9907186197	-242.673690945
62.0778920824	-242.07481399
62.1692006758	-241.468734888
62.2603109059	-240.860336451
62.3517873462	-240.247787626
62.4367177673	-239.635971216
62.4932668382	-239.033798367
62.560069817	-238.421859887
62.6259725261	-237.814438013
62.692806022	-237.199203636
62.7590596848	-236.588485864
62.824977653	-235.976425319
62.8911397624	-235.361313014
62.9570424733	-234.748886255
63.0156514804	-234.130111839
63.0484731379	-233.512436061
63.0898244545	-232.895004421
63.1307180087	-232.275863795
63.1714284603	-231.66087356
63.2125966717	-231.041122586
63.2536275545	-230.424423366
63.2946431792	-229.804428249
63.3355062166	-229.185165554
63.3771627119	-228.557113796
63.4184224766	-227.937606959
63.4597432783	-227.315536646
63.5013082214	-226.68724075
63.5422017749	-226.069564965
63.5833852462	-225.449691919
63.6247518252	-224.827011254
63.6699330971	-224.145858909
63.7116353674	-223.517440943
63.752895133	-222.894516141
63.7941548991	-222.272079614
63.8355062183	-221.64939895
63.8768880535	-221.02488723
63.9183614418	-220.396957545
63.9595601737	-219.772689968
64.0012471846	-219.144027857
64.0429799726	-218.518417506
64.0843770676	-217.89854446
64.1262166685	-217.26939407
64.1677358311	-216.645248562
64.2090413722	-216.023788601
64.2503163993	-215.403427267
64.2918965991	-214.779037625
64.3332173991	-214.156479029
64.3749501874	-213.52720657
64.416377799	-212.903183131
64.4573629081	-212.285019067
64.4990956942	-211.65635696
64.5405690836	-211.031845243
64.5815694507	-210.414047387
64.6226766263	-209.795028836
64.6641805336	-209.170883329
64.7055318535	-208.549911645
64.7464101487	-207.922104029
64.7450368581	-207.303329618
64.7486989666	-206.688095237
64.7530782392	-206.072494655
64.756862417	-205.452743679
64.76061608	-204.826645045
64.7643850027	-204.210189964
64.7681386652	-203.591537625
64.771846549	-202.966049341
64.7756002118	-202.332504421
64.7793843923	-201.709457542
64.7831075356	-201.086898952
64.7867696459	-200.459457544
64.7903859785	-199.837387234
64.7940023118	-199.217392118
64.8283193276	-198.598129421
64.9058339773	-197.997665551
64.9698751144	-197.385727075
65.0348622957	-196.781601097
65.1011007011	-196.170517118
65.1682088551	-195.551498562
65.2346913988	-194.937973169
65.3017537761	-194.319931178
65.3692281405	-193.697616723
65.4379384681	-193.064071801
65.5049092934	-192.44627395
65.571651238	-191.830795433
65.6389424971	-191.210189966
65.7060811693	-190.59129348
65.7738607108	-189.966415551
65.8414418857	-189.343124539
65.9193227447	-188.62547317
65.9873311693	-187.998520044
66.0541494058	-187.382797388
66.1214864412	-186.763778835
66.1892354666	-186.139999536
66.2563741378	-185.522201684
66.3237569511	-184.901596219
66.3910024343	-184.283676296
66.4580037756	-183.668197779
66.5247914964	-183.053817898
66.5924794846	-182.431625516
66.6600606607	-181.810531763
66.727504508	-181.190902859
66.7946889564	-180.572128443
66.8624684967	-179.946762234
66.9293172534	-179.330551294
66.9963338559	-178.713607938
67.0622518233	-178.094223168
67.0964925463	-177.483139183
67.1385152519	-176.870224145
67.1805379555	-176.251449736
67.2222249671	-175.629013208
67.2633016276	-175.010605003
67.2852132487	-174.395248559
67.3121602706	-173.785141138
67.3390157397	-173.172226098
67.3658559499	-172.556381374
67.3928029725	-171.939193874
67.419688957	-171.323105007
67.4468496011	-170.701156764
67.4739034341	-170.083603052
67.5010945956	-169.463974145
67.5283162778	-168.842514184
67.5556447662	-168.219101099
67.5828969639	-167.596054227
67.6008870777	-166.970932156
67.5961110757	-166.358871608
67.5990407644	-165.748275902
67.601100701	-165.134018092
67.6029622718	-164.515121611
67.6047933265	-163.894027859
67.6067311936	-163.277816918
67.6086843174	-162.651107938
67.5961721097	-161.99168411
67.568797844	-161.377182157
67.5460164716	-160.752426293
67.5227315612	-160.136459497
67.4990956954	-159.513656765
67.4578817067	-158.897445828
67.3448751152	-158.303207546
67.1572377841	-157.734970238
66.9195516286	-157.205185085
66.6985128089	-156.670395046
66.4711873704	-156.130600125
66.2402150796	-155.587265159
66.0071370779	-155.039779811
65.7724416411	-154.488876488
65.5358541181	-153.933944853
65.2968099285	-153.373642115
65.0699727701	-152.808578638
64.917201774	-152.23960891
64.8180806799	-151.666610866
64.7004354182	-151.094955594
64.5836599044	-150.51585403
64.4665792153	-149.929794457
64.3506734555	-149.339706569
64.28997399	-148.752792507
64.3052327791	-148.165756373
64.312083977	-147.585189968
64.3170125653	-146.996322778
64.3241079018	-146.40684524
64.3318288495	-145.810897973
64.3398244559	-145.208358914
64.3478505783	-144.604843287
64.3558614425	-143.994735865
64.3639486013	-143.379867699
64.3719289472	-142.764511255
64.376262444	-142.151107937
64.3279073416	-141.540512233
64.2865560236	-140.935531763
64.2457235029	-140.328231958
64.2036397631	-139.717636256
64.1736104657	-139.106918484
64.1783864666	-138.494980006
64.171855704	-137.884872586
64.1663320228	-137.274643092
64.1611287761	-136.663192898
64.1559102688	-136.046981959
64.1508443531	-135.432357937
64.1456563641	-134.807357937
64.140422599	-134.184799343
64.1351735758	-133.56712356
64.1289937666	-132.844589381
64.1236226727	-132.224105984
64.1182515791	-131.602279813
64.1129720379	-130.981552272
64.107784051	-130.353988795
64.1025350279	-129.731674342
64.0972860032	-129.111313014
64.0920369809	-128.488510277
64.086787955	-127.865219265
64.081508416	-127.24656692
64.0762288739	-126.627304228
64.0709493333	-126.009018091
64.0656545333	-125.385482936
64.0602986992	-124.755111842
64.054958122	-124.12937942
64.0496785815	-123.50352493
64.0444448169	-122.884384303
64.0391500174	-122.265243678
64.0338704765	-121.642074734
64.0286519681	-121.023544459
64.0234029457	-120.404770047
64.0181234045	-119.78196731
64.0128743836	-119.153915554
64.0076863938	-118.531967311
64.0021932311	-117.90647903
63.9967305835	-117.287094264
63.9913442292	-116.666122586
63.9857137367	-116.03526321
63.9800069482	-115.407089379
63.974437493	-114.788314967
63.9693105397	-114.161850122
63.9639852218	-113.538925318
63.9582631754	-112.918319852
63.9517476734	-112.194564968
63.946468133	-111.575912626
63.9410970382	-110.950058131
63.9356954269	-110.318710473
63.9302938168	-109.693344268
63.9247090996	-109.068832546
63.9191854162	-108.443100126
63.9138753588	-107.82054153
63.9086721123	-107.201889184
63.9033467933	-106.578109888
63.897945182	-105.955551294
63.8925130547	-105.335067898
63.8557088537	-104.720932155
63.825832146	-104.106918482
63.7958638845	-103.495468284
63.7452962566	-102.878524928
63.6877553628	-102.27061477
63.6250264806	-101.571762232
63.5694844886	-100.959457545
63.5136678385	-100.345199731
63.4474294353	-99.7327729724
63.3329732603	-99.138900904
63.230724114	-98.5438081347
63.127605217	-97.9476167262
63.0226094894	-97.3451997321
62.8841207192	-96.7525483649
62.6753804848	-96.1951753167
62.4687307038	-95.6389009063
62.2622945479	-95.0732270745
62.0549581227	-94.5114594963
61.8414876635	-93.9391938732
61.5829732586	-93.398910671
61.2974813146	-92.8830415295
61.0215413735	-92.3544770782
60.743266838	-91.8261567652
60.4485891036	-91.3024751223
60.1178090754	-90.8082124288
59.8012654954	-90.3105317634
59.4798696201	-89.8068696545
59.1567952806	-89.302230983
58.82274987	-88.7858735593
58.4519612968	-88.317978052
58.0228841479	-87.905258324
57.5974385908	-87.4992524683
57.1733052899	-87.0930024642
56.7124746013	-86.7377778571
56.2299153979	-86.4202729743
55.7608754798	-86.0908052018
55.2742421809	-85.7774507119
54.7636220627	-85.5151216048
54.2545735996	-85.2353364518
53.7452275915	-84.9622651637
53.2114904102	-84.7492524651
52.6627233193	-84.6159516848
52.1087377237	-84.5641938737
51.5648458179	-84.5807954352
51.0225179366	-84.5794526609
50.4673955603	-84.5794526604
49.9045446098	-84.5810395768
49.3365819626	-84.5837251251
48.7668645552	-84.5861665295
48.1875341103	-84.5888520763
47.5941503221	-84.5912934798
47.0057485281	-84.6109468043
46.435489432	-84.7039643801
45.8866002725	-84.8747407515
45.3815953914	-85.1154634054
44.8663976362	-85.3904878199
44.3667104405	-85.6413423121
43.8654821082	-85.8974458273
43.3578450835	-86.1575776632
42.8422429729	-86.4221040271
42.3212011042	-86.6877290276
41.7904088665	-86.900863796
41.2407872834	-87.0361177023
40.6956060112	-87.1584321531
40.1384618432	-87.2951509045
39.5722539594	-87.4240571549
39.0143239676	-87.483261256
38.4537465727	-87.5120698516
37.8910253214	-87.5577241443
37.3216359792	-87.5732270754
36.6721913983	-87.5573579329
36.0990331339	-87.5554048102
35.5250280077	-87.5524751227
34.9401357336	-87.5493012946
34.3499715502	-87.5461274646
33.7557180111	-87.5429536388
33.1544759442	-87.5397798079
32.5447042146	-87.5364839099
31.9344594629	-87.533432154
31.3175695111	-87.530136256
30.7023809131	-87.5270844996
30.0900991133	-87.5240327418
29.4699742965	-87.5206147726
28.8522679975	-87.5173188718
28.2328374558	-87.5140229776
27.6105077441	-87.5103608659
26.9886815723	-87.5065766862
26.3662603075	-87.5026704362
25.7480733568	-87.4990083268
25.1183507595	-87.4952241471
24.4938390421	-87.4913178971
23.8709294985	-87.4877778557
23.2505910577	-87.4837495401
22.6246984171	-87.4798432877
22.0014074019	-87.4761811779
21.3782460866	-87.4725190699
20.7514836958	-87.4688569563
20.1326100994	-87.4651948484
19.5081365287	-87.461410671
18.8875844646	-87.4606782473
18.2720143956	-87.4907075469
17.6633412995	-87.5118257105
17.0480458902	-87.5336762969
16.4331166924	-87.5554048093
15.8195913016	-87.577865751
15.1657064134	-87.6022798121
14.5512502344	-87.6248628185
13.9336660077	-87.6474458273
13.3107717193	-87.6705171131
12.6883351964	-87.6934663341
12.0640828762	-87.7154389904
11.4453542402	-87.750717313
10.838069696	-87.8596040267
10.2541005794	-87.9748384072
9.66622521076	-88.0843354743
9.07200218912	-88.1970063713
8.47030236071	-88.3117524683
7.87049461994	-88.4258882119
7.27894188772	-88.5683442629
6.71192528569	-88.7525483649
6.13018395216	-88.9257661393
5.54288842145	-89.1022798107
4.96047569998	-89.2778169187
4.38698937197	-89.4850923098
3.85337425966	-89.7614594973
3.36062218458	-90.0811616476
2.8612020188	-90.3847505138
2.36481835204	-90.6957856696
1.90652062208	-91.0568696549
1.50823570823	-91.4712983668
1.17727257375	-91.9288178971
0.882533804863	-92.3974458268
0.57195641211	-92.8608247326
0.261760490481	-93.3334809835
-0.00275061745197	-93.8334809802
-0.190220102144	-94.3572846944
-0.343067390146	-94.8834077404
-0.515918952296	-95.4092866476
-0.648319466272	-95.9460298079
-0.766941291629	-96.4925385974
-0.893802863546	-97.0313569591
-1.02356360538	-97.5862885979
-1.1530649506	-98.1408540281
-1.28552649822	-98.7075044191
-1.41835425608	-99.2761079366
-1.55276892841	-99.8515473879
-1.67163489532	-100.438583521
-1.74568579841	-101.022079616
-1.8348581621	-101.611313015
-1.92334388045	-102.205063014
-2.01221106935	-102.806381374
-2.06689856772	-103.40745559
-2.07971595076	-104.002670438
-2.10672400636	-104.59422317
-2.13245032658	-105.199936062
-2.15877173538	-105.842514185
-2.18387244496	-106.458969261
-2.20900366991	-107.079940946
-2.23436377815	-107.707016138
-2.25944922538	-108.326522973
-2.28436682984	-108.942855982
-2.30974219553	-109.570419459
-2.32399390335	-110.191269067
-2.31784461351	-110.80918899
-2.3186380699	-111.425888207
-2.31851599953	-112.044540551
-2.31840918696	-112.661605982
-2.31828711787	-113.284164574
-2.31818030507	-113.911483912
-2.31808875478	-114.532699731
-2.31808875257	-115.151840358
-2.31819556491	-115.775375511
-2.31811927026	-116.395492702
-2.31798194244	-117.017074732
-2.31790564756	-117.639511259
-2.31785987155	-118.259018095
-2.31776831741	-118.882431181
-2.31767676526	-119.506088406
-2.31756995362	-120.128280786
-2.31731055537	-120.750473167
-2.31685279065	-121.383285668
-2.31650183833	-122.014022977
-2.31647132174	-122.63706985
-2.31630347553	-123.259628444
-2.31596778089	-123.883529811
-2.31567023601	-124.505966337
-2.31550238747	-125.128646997
-2.31530402583	-125.751083521
-2.31526587612	-126.375839383
-2.31520484248	-126.999984886
-2.31514380756	-127.621322781
-2.31517432485	-128.243393092
-2.3151285472	-128.867172388
-2.31512854801	-129.496322777
-2.3152658756	-130.124252466
-2.3154718717	-130.746811063
-2.31557105295	-131.372665551
-2.31566260406	-131.993881373
-2.31578467623	-132.620590359
-2.31602881633	-133.251205591
-2.31625769893	-133.872055201
-2.31631873304	-134.505966333
-2.31641791726	-135.129135279
-2.31655524555	-135.752792506
-2.31667731545	-136.376938013
-2.31686804863	-137.045150903
-2.3170435261	-137.669906764
-2.31737158936	-138.290023952
-2.31777594797	-138.914901881
-2.3180124574	-139.540146023
-2.31829474628	-140.163070825
-2.31876777031	-140.788070824
-2.3193018263	-141.417221219
-2.31993506546	-142.036361842
-2.32050727058	-142.664535668
-2.32114051038	-143.291732935
-2.32241461938	-143.918441922
-2.32416938222	-144.539535671
-2.32522223622	-145.169906762
-2.32479498984	-145.793686061
-2.32390997978	-146.425033716
-2.32353614003	-147.049545437
-2.32314704056	-147.675521998
-2.32295630733	-148.296371607
-2.32332251652	-148.919296411
-2.32410834543	-149.541977074
-2.32465766021	-150.164535672
-2.32504676131	-150.783432154
-2.32524512464	-151.408432155
-2.32432196685	-152.035507351
-2.32328437048	-152.661850123
-2.32211707375	-153.286605986
-2.32086585183	-153.915390161
-2.31993506558	-154.539779811
-2.32030890707	-155.165756373
-2.32105658751	-155.79002395
-2.32135413343	-156.412338406
-2.3210108116	-157.031967309
-2.32045386499	-157.654525904
-2.32003424806	-158.295639182
-2.31984351238	-158.922470239
-2.31972907356	-159.548324734
-2.31969092449	-160.176742701
-2.31976722041	-160.798080592
-2.31991980813	-161.434799338
-2.32025550079	-162.067367703
-2.32014106167	-162.69554153
-2.320003731	-163.316391139
-2.32017157844	-163.938949733
-2.32024787122	-164.561996605
-2.31995032553	-165.19175735
-2.31999610248	-165.820297388
-2.32031653705	-166.443588404
-2.32033179596	-167.068588403
-2.32036994211	-167.69505325
-2.30686591222	-168.323349147
-2.27870581776	-168.942001491
-2.25445960218	-169.562973171
-2.22932837706	-170.183212426
-2.20470069244	-170.802963404
-2.17940161854	-171.423324733
-2.15422461776	-172.044906766
-2.12894843286	-172.663437036
-2.10346625582	-173.281479027
-2.07772467873	-173.907699731
-2.0532800986	-174.526107935
-2.0244409875	-175.245468286
-1.9981577227	-175.864608909
-1.97102759581	-176.488632352
-1.94430182676	-177.109481957
-1.91689704155	-177.732528837
-1.88868354005	-178.352768092
-1.86025641585	-178.979355006
-1.83397315233	-179.596908716
-1.80843756802	-180.218002471
-1.7829630191	-180.838730005
-1.75657294557	-181.46263137
-1.7301294636	-182.091903835
-1.70456336217	-182.714340355
-1.6793558434	-183.335067895
-1.65375159448	-183.9579927
-1.62807868334	-184.578109887
-1.6019403768	-185.202865747
-1.57529853168	-185.830063016
-1.54848883773	-186.461654809
-1.52232001489	-187.083969265
-1.49663947232	-187.705429227
-1.47134040075	-188.330551299
-1.44602607144	-188.958358911
-1.42057440907	-189.583969264
-1.39464209869	-190.206283714
-1.3683740925	-190.832260278
-1.34260199749	-191.456649929
-1.31730292388	-192.083603051
-1.29185126658	-192.711166528
-1.26604102284	-193.339096218
-1.23597357882	-193.961410669
-1.14496253163	-194.580551292
-1.05662940245	-195.176010279
-0.9695246052	-195.781967309
-0.881626351853	-196.383773951
-0.792339547654	-196.992782739
-0.701633674442	-197.59873977
-0.562565071159	-198.194564968
-0.420467599411	-198.805404813
-0.284343940788	-199.402694853
-0.147724373965	-199.996200711
-0.00938056118321	-200.596664577
0.170276420482	-201.177353052
0.419749993016	-201.720932154
0.686351554352	-202.242660666
0.94504906534	-202.776352075
1.20881249267	-203.313461456
1.47596337239	-203.855575712
1.75993706333	-204.384262232
2.10712792107	-204.871566917
2.48057152505	-205.32872024
2.83966423851	-205.793686059
3.2055623699	-206.26194778
3.58204247255	-206.718979033
4.00743462355	-207.12278762
4.46819664759	-207.468002466
4.91803337878	-207.825912626
5.3757131286	-208.188339379
5.84107567422	-208.545639184
6.34063317173	-208.846664577
6.85604454868	-209.100326684
7.3640477822	-209.370712428
7.88276268682	-209.625717308
8.42099358281	-209.806747585
8.95347954519	-209.980697779
9.49705864635	-210.165634301
10.047244804	-210.349350124
10.6005437542	-210.533432154
11.1700322784	-210.723007351
11.7386739432	-210.913070827
12.3075673737	-211.081772001
12.889865654	-211.177108915
13.4760244058	-211.20335403
14.0491063755	-211.241562039
14.6247441929	-211.277816921
15.2094991364	-211.311752468
15.7954747839	-211.344955594
16.3934972454	-211.379623558
17.0029409092	-211.417221216
17.6090276417	-211.452743676
18.21830346	-211.487289578
18.8216817555	-211.521713404
19.4394414589	-211.55906692
20.0540883712	-211.596420437
20.6786077196	-211.632431175
21.3071477598	-211.668197781
21.9241750409	-211.703964381
22.5431096741	-211.740219264
23.2494771636	-211.781845241
23.8712270444	-211.818100123
24.4942434007	-211.854477074
25.1168859176	-211.89109817
25.7386434239	-211.927230984
26.3621328049	-211.963119655
26.9863622362	-211.998642114
27.60889794	-212.034530786
28.2357442557	-212.071029809
28.8572728791	-212.107162623
29.4737661056	-212.142563012
30.0937764812	-212.178207547
30.7247884437	-212.214584499
31.3524739917	-212.250961451
31.9741780938	-212.287216334
32.5990560228	-212.323715354
33.2230489422	-212.360580592
33.8405873941	-212.396957545
34.4572713537	-212.43357864
35.0822179486	-212.469589381
35.7070424719	-212.504135281
36.3271749193	-212.537216333
36.945827262	-212.571762234
37.5694692323	-212.608871606
38.1939275451	-212.646591333
38.8292653732	-212.684433131
39.4437673247	-212.704330593
40.0502355257	-212.694564968
40.6638524703	-212.694931179
41.2798268954	-212.694198756
41.8967855134	-212.693344262
42.5220143972	-212.69248977
43.1322896655	-212.721908716
43.7396505062	-212.760360865
44.3494222328	-212.794662625
44.9599569011	-212.829330591
45.57224633	-212.867782742
46.1651494671	-212.965194851
46.7384908378	-213.117172386
47.3162343681	-213.251693872
47.8949392017	-213.388900905
48.4557607327	-213.574203637
48.9810064016	-213.820419455
49.5104177166	-214.052841335
50.0548207936	-214.291732935
50.6023137734	-214.535873558
51.1123311699	-214.821762232
51.5663411777	-215.164657741
52.0131642984	-215.514267115
52.4747274094	-215.863022001
52.9793965999	-216.295639188
53.3432119069	-216.718490747
53.6403539348	-217.18016067
53.9490010913	-217.638900904
54.2640645677	-218.100814966
54.578540581	-218.569931176
54.8404500646	-219.060043479
55.0252797764	-219.571762233
55.1489522627	-220.094223168
55.2918355623	-220.615097195
55.4361531915	-221.144882352
55.5717122725	-221.681137229
55.6400258709	-222.225570825
55.6617086114	-222.761703637
55.7058980637	-223.302475122
55.7501790689	-223.853622584
55.7944142977	-224.416488793
55.8393819495	-224.98570266
55.8845479659	-225.569076684
55.8818776767	-226.139999538
55.8752553621	-226.712265163
55.8741414704	-227.286361844
55.8711660077	-227.872787624
55.8676259694	-228.463607934
55.8579061199	-229.05882278
55.8351705247	-229.655014184
55.8182332694	-230.255600121
55.8014485996	-230.85533157
55.7835347818	-231.459457547
55.7168386147	-232.054306178
55.6480977708	-232.654647976
55.5821492841	-233.254501491
55.5156819993	-233.859359889
55.4469411529	-234.474594264
55.3760488214	-235.089462427
55.3063619299	-235.701034692
55.2386129082	-236.320297386
55.161861199	-236.938339383
55.0463063897	-237.539169457
54.9428060239	-238.143051294
54.8386037516	-238.747299341
54.7332189236	-239.355331568
54.6284597104	-239.962143092
54.5245931316	-240.569931175
54.4191396425	-241.18711868
54.3138845138	-241.797836452
54.2075078647	-242.413803251
54.1031911545	-243.024765164
53.9986913372	-243.638534695
53.8930318526	-244.255844264
53.7887075112	-244.869125514
53.683727042	-245.490585474
53.5794332176	-246.104599149
53.4742238693	-246.719833523
53.3696706482	-247.332870629
53.2636373214	-247.952011257
53.1562841096	-248.571029814
53.0502278982	-249.184066918
52.9453694999	-249.797958521
52.8415486974	-250.409164578
52.7366445239	-251.024521023
52.6039464656	-251.629013207
52.4278905561	-252.204696801
52.2630422276	-252.795150906
52.0958516776	-253.38694778
51.885844963	-253.954330592
51.6684224776	-254.521835475
51.4558370294	-255.092270044
51.2420919106	-255.662338402
51.0273091973	-256.233993678
50.8105275801	-256.810653833
50.5930745775	-257.388900904
50.3760945968	-257.967392117
50.1591451329	-258.546005394
49.9432332692	-259.125717309
49.7267415696	-259.706405789
49.5067632359	-260.293563989
49.2869451221	-260.879135278
49.0711171791	-261.456039574
48.8527639086	-262.039779811
48.6336476971	-262.62522903
48.4151342094	-263.209701684
48.1949422534	-263.799789574
47.9762380297	-264.384628443
47.7568929358	-264.969589379
47.5378377605	-265.554062037
47.320064323	-266.136459501
47.1049764312	-266.715316918
46.8894231484	-267.300277856
46.6714132007	-267.883163597
46.4498937308	-268.465194849
46.2318074864	-269.044784696
46.012210623	-269.635849145
45.7923619916	-270.224105983
45.5704686819	-270.814071802
45.3468587566	-271.408676295
45.128734367	-271.991684109
44.912372367	-272.571518092
44.6925695109	-273.159286646
44.4736669234	-273.741684109
44.2235295943	-274.409652858
44.0006749794	-275.008041526
43.7816350622	-275.593368679
43.531398551	-276.147323758
43.2795751275	-276.705185084
43.0299031891	-277.266220243
42.7650945352	-277.818100123
42.4989965121	-278.378402855
42.2406499551	-278.928085474
41.9777944263	-279.486923367
41.7166249929	-280.041244654
41.4521520312	-280.601303248
41.1851995166	-281.165878444
40.9196889559	-281.72630325
40.6546895663	-282.28562942
40.3864858313	-282.851059109
40.1197774573	-283.413070825
39.8518178627	-283.978134303
39.5845906896	-284.542465357
39.3185231864	-285.104232936
39.052463309	-285.665878445
38.7822606734	-286.235946804
38.5157735514	-286.797592309
38.2482564618	-287.361923367
37.9775197688	-287.933090357
37.7106588068	-288.496200711
37.441859978	-289.063217311
37.1761205374	-289.624130399
36.9086034477	-290.188461449
36.6392324147	-290.756942894
36.3719518349	-291.321396021
36.1047170328	-291.885238797
35.8368108437	-292.449813991
35.5698812171	-293.013046414
35.3048207933	-293.572738796
35.0391271301	-294.133529809
34.7682759932	-294.705063016
34.5017583541	-295.267196804
34.23579003	-295.827987819
33.9706380531	-296.386947782
33.6994283365	-296.947494653
33.406108635	-297.487777855
33.1192815473	-298.034896999
32.8315923376	-298.582382348
32.5449636144	-299.127792509
32.2555959404	-299.678329611
31.9675100014	-300.226547389
31.6807210624	-300.772934106
31.3918798122	-301.323593286
31.1047170337	-301.871078642
30.7997014695	-302.451767114
30.5101735763	-303.00303665
30.2214315118	-303.553451688
29.9297750172	-304.109481961
29.6421392131	-304.657699733
29.3501699132	-305.21409622
29.061580438	-305.764389186
28.7710912413	-306.318710473
28.4832036671	-306.868393091
28.1933858566	-307.421005394
27.9006002111	-307.978134304
27.6105916662	-308.53001419
27.3220021896	-309.080551296
27.0326497739	-309.632187037
26.7435262374	-310.182602076
26.4525411309	-310.737289575
26.162486808	-311.290634303
25.8720204987	-311.845077662
25.5806310347	-312.400985865
25.2928197565	-312.950302272
25.0028569867	-313.503402857
24.7118489906	-314.05796829
24.4221837698	-314.61021438
24.1346547779	-315.158676296
23.8456838289	-315.710434107
23.5575978934	-316.260116723
23.2660634684	-316.816147003
22.973804252	-317.372909692
22.6857717202	-317.921249536
22.3959844281	-318.472885279
22.1066167527	-319.023422388
21.8136098546	-319.580795433
21.524509208	-320.130600119
21.2367818539	-320.678207543
20.9478414216	-321.228500513
20.6584737481	-321.779525903
20.3655812906	-322.33702102
20.0745809242	-322.89036575
19.7825734779	-323.44590774
19.4950063406	-323.994125515
19.2055547413	-324.54661575
18.9155233082	-325.099960476
18.6263234797	-325.650741724
18.3352010411	-326.206283717
18.044566887	-326.761215359
17.7535512619	-327.316635278
17.4655797652	-327.865097197
17.1757543264	-328.416732933
16.8865010919	-328.968002466
16.5996816336	-329.519760279
16.3177526155	-330.132064968
16.0551183409	-330.683822779
15.7901418367	-331.2425386
15.5271032017	-331.797714382
15.2613485043	-332.358627465
14.9937169718	-332.923813014
14.7280614537	-333.485214378
14.4619481737	-334.047104029
14.1930730524	-334.614486841
13.924953238	-335.1800386
13.6588933623	-335.740951686
13.3927343059	-336.302230984
13.125362176	-336.866073754
12.8599050222	-337.425888209
12.5909230874	-337.99290481
12.3238790204	-338.555893091
12.0547063511	-339.123764185
11.7888448411	-339.684677272
11.5235479048	-340.244003444
11.2561147382	-340.80906692
10.9895818408	-341.372665554
10.7236211473	-341.935775905
10.4581487348	-342.498031766
10.1908528979	-343.062973173
9.92421318789	-343.625229029
9.65678002255	-344.188217313
9.38814141025	-344.754135279
9.12146355503	-345.31700149
8.85577751917	-345.878524925
8.58633019321	-346.447128443
8.31798149983	-347.012558133
8.04911400494	-347.575912621
7.74135949102	-348.107772972
7.43764855247	-348.631210476
7.13266350416	-349.16160598
6.82701470132	-349.691146997
6.5165059726	-350.228622584
6.21468712541	-350.766220242
5.92481591087	-351.30430618
5.62928368384	-351.844833521
5.33131004917	-352.391830592
5.03649498813	-352.933334498
4.74100853887	-353.476059108
4.4437139192	-354.021835473
4.14736534713	-354.566269069
3.84878136299	-355.113388206
3.55076958326	-355.658920435
3.24874474341	-356.21189895
2.9501989049	-356.758285671
2.65307976457	-357.302963404
2.31888176687	-357.91429153
2.01875664474	-358.462143092
1.71894432826	-359.009018091
1.41933800618	-359.556869654
1.12231041555	-360.10166946
0.823314446316	-360.651107938
0.524554984877	-361.200424341
0.224826590274	-361.751327662
-0.0718347853981	-362.296127466
-0.369785529154	-362.844345241
-0.668789132149	-363.393783716
-0.966922980791	-363.94041458
-1.26515601482	-364.487777859
-1.56654761662	-365.041366723
-1.86633704475	-365.592392118
-2.16379187698	-366.138900904
-2.46033118432	-366.686142115
-2.75743506616	-367.234604029
-3.05859015742	-367.78904739
-3.35805152159	-368.338730006
-3.65695594187	-368.887558131
-3.95818732417	-369.440536649
-4.25862525357	-369.992050321
-4.55579016765	-370.537826685
-4.8600427928	-371.09715286
-5.1562311484	-371.641708523
-5.45590613561	-372.192855983
-5.75739692041	-372.746688991
-6.05600379221	-373.295028834
-6.35263465252	-373.838974147
-6.64969275624	-374.383407742
-6.94825385307	-374.930771021
-7.24748633517	-375.479599147
-7.54525397444	-376.025985868
-7.84596655937	-376.577987816
-8.14558814419	-377.128158718
-8.44339393004	-377.675033719
-8.74507544702	-378.229110863
-9.04187415302	-378.774276881
-9.34181998397	-379.325424341
-9.64062522241	-379.874496608
-9.93766043882	-380.420517115
-10.2370645844	-380.970932155
-10.5353357623	-381.51914993
-10.8332178429	-382.066635278
-11.1331064518	-382.6175386
-11.4305574712	-383.163925319
-11.7305261909	-383.714950711
-12.0306017222	-384.26609817
-12.3280870764	-384.81248489
-12.6873247448	-385.41502395
-13.0321810084	-385.924667506
-13.3641817401	-386.435287624
-13.6987573926	-386.947494654
-14.0322344124	-387.463119654
-14.3365061103	-387.989730982
-14.6496546085	-388.512558131
-14.9632799459	-389.037582545
-15.2791788411	-389.567123563
-15.5969660117	-390.099594267
-15.9143793421	-390.630966334
-16.2192270594	-391.169418484
-16.5210420915	-391.703720241
-16.8233606651	-392.237045437
-17.1285517053	-392.775863793
-17.4334680869	-393.314560083
-17.7392694785	-393.854843284
-18.0431482627	-394.391464381
-18.3514482813	-394.935897973
-18.6578066187	-395.477035668
-18.9698908159	-396.028305201
-19.2799837419	-396.576034695
-19.5855944001	-397.115829617
-19.8931619939	-397.659042505
-20.2002069771	-398.201400903
-20.5062486954	-398.742416531
-20.812854987	-399.284164578
-21.1224901507	-399.831405789
-21.43158744	-400.377426296
-21.736431343	-400.916122586
-22.0465090106	-401.463730003
-22.3555643396	-402.008773953
-22.6628038719	-402.550155786
-22.9696428597	-403.091293481
-23.2799341513	-403.638656766
-23.5873186409	-404.180404808
-23.8988077468	-404.729355004
-24.2069933253	-405.272323755
-24.5130464861	-405.812240748
-24.8221781089	-406.357040553
-25.1307833028	-406.900741725
-25.4384538961	-407.443222194
-25.7489778809	-407.990585475
-26.0543749148	-408.529403833
-26.3612634954	-409.071640162
-26.6683504413	-409.614608913
-26.9733125984	-410.153549342
-27.2808649382	-410.697006373
-27.5894892053	-411.241928249
-27.8962061228	-411.783798366
-28.2186701132	-412.353744655
-28.5233156508	-412.892440943
-28.8320848786	-413.438827662
-29.1376802757	-413.979110865
-29.4433786705	-414.519516139
-29.7502405461	-415.061752465
-30.0574266751	-415.604843286
-30.3645288772	-416.148056179
-30.6709635091	-416.689682153
-30.9763033228	-417.229110869
-31.2829019857	-417.770858914
-31.5869715036	-418.30857864
-31.872364266	-418.860092313
-32.1509363471	-419.405258327
-32.4322244962	-419.952133325
-32.7128794029	-420.499130395
-32.9935152353	-421.046005398
-33.2765657725	-421.59727493
-33.5609972294	-422.151230006
-33.8454515766	-422.705307156
-34.1299364391	-423.259018091
-34.419281227	-423.821762234
-34.7018701858	-424.371444847
-34.9855692212	-424.923568874
-35.2742235473	-425.485336449
-35.5601160344	-426.041366726
-35.864101631	-426.574203641
-36.1696893986	-427.113022
-36.4746477426	-427.652938992
-36.7826196975	-428.197128443
-37.0877497025	-428.736190943
-37.3543817836	-429.285629422
-37.6038172083	-429.837143092
-37.8599436107	-430.3864595
-38.1166956254	-430.941269069
-38.3801882097	-431.494247584
-38.6641046833	-432.029281766
-38.9408991172	-432.570419459
-39.2192728354	-433.1142427
-39.4977991424	-433.658188012
-39.7809412301	-434.207138207
-40.0730554893	-434.750961452
-40.3630831071	-435.300277857
-40.6488458947	-435.847152858
-40.9375231113	-436.400131373
-41.2231104196	-436.94541946
-41.5152742702	-437.502914578
-41.8030226066	-438.053573756
-42.1077883074	-438.598983915
-42.4056322402	-439.137313989
-42.7214338615	-439.707748559
-43.0202925024	-440.247543485
-43.3240225137	-440.795761256
-43.6245386446	-441.337997584
-43.9309770879	-441.891220239
-44.2314188294	-442.434066918
-44.5367872553	-442.985336453
-44.836862786	-443.526596215
-45.1413843462	-444.075180199
-45.4429323514	-444.618759301
-45.7437670049	-445.160751489
-46.0466730422	-445.706161649
-46.3488924332	-446.250106957
-46.6554701151	-446.801864771
-46.9582807855	-447.346664575
-47.2593958217	-447.888290551
-47.5616323779	-448.431381373
-47.8644583053	-448.975570825
-48.1651708914	-449.51670852
-48.4694673842	-450.064438011
-48.7724687874	-450.61009231
-49.0731260611	-451.152206567
-49.3758661574	-451.698593286
-49.6792757347	-452.24632278
-49.9810926733	-452.791244654
-50.2841703717	-453.338485863
-50.5879614184	-453.886825712
-50.890444024	-454.432724148
-51.1907331765	-454.973861843
-51.4940721804	-455.520858911
-51.797168953	-456.067367704
-52.1027567206	-456.618148949
-52.4057657543	-457.163925319
-52.7108309102	-457.713119656
-53.0127603838	-458.256576685
-53.3154089281	-458.80125442
-53.6181680983	-459.346420437
-53.9188349081	-459.888290552
-54.222799522	-460.436020047
-54.5249616925	-460.980453639
-54.828293068	-461.526840355
-55.1296198198	-462.069442899
-55.433502419	-462.61656204
-55.7386801068	-463.166122586
-56.0415899591	-463.711898951
-56.3431684807	-464.255478054
-56.6485616989	-464.807235867
-56.9480898216	-465.348739775
-57.2507917715	-465.895492702
-57.5510084471	-466.436996606
-57.8974134763	-467.062118679
-58.1973640758	-467.604232935
-58.5003635716	-468.151718289
-58.8013202979	-468.695053249
-59.1043417275	-469.241684107
-59.4048902827	-469.783676296
-59.706813082	-470.328476101
-60.0075685801	-470.870590359
-60.3094675375	-471.414657743
-60.6131784751	-471.961898952
-60.9153101278	-472.506332545
-61.2200472195	-473.055282738
-61.522913201	-473.601059106
-61.8271038373	-474.149765163
-62.1286251382	-474.694320827
-62.429719192	-475.237899928
-62.730615837	-475.780258325
-63.0318891841	-476.323349145
-63.332462532	-476.865341335
-63.6352073973	-477.412460475
-63.9386064836	-477.961410669
-64.2399504019	-478.504989771
-64.5438034352	-479.052230983
-64.8484499289	-479.601425316
-65.1514227221	-480.147689969
-65.4538175898	-480.692001493
-65.755898696	-481.236557154
-66.0566294027	-481.779892118
-66.3590843508	-482.327011259
-66.6607920963	-482.871933131
-66.9612147636	-483.414413598
-67.2642772032	-483.960434109
-67.5649072944	-484.501815942
-67.8703005133	-485.052108913
-68.1727869336	-485.598129421
-68.4761869742	-486.145614768
-68.7806303332	-486.694564965
-69.0807535476	-487.235946804
-69.3822529157	-487.780258325
-69.6826650928	-488.322250513
-69.9851381615	-488.86778274
-70.2873442019	-489.412704615
-70.5891430209	-489.957382349
-70.8920652698	-490.503891137
-71.1942884758	-491.048690945
-71.4947073277	-491.590316921
-71.7957403495	-492.13352981
-72.098606332	-492.680526881
-72.4020483335	-493.227401882
-72.7720281901	-493.893783716
-73.0763704602	-494.442489773
-73.3829109498	-494.996200711
-73.6868669818	-495.545761256
-73.9872639012	-496.088363797
-74.2879917456	-496.631210474
-74.5887052832	-497.174789577
-74.8910047854	-497.720443875
-75.1923963848	-498.264145046
-75.4935161897	-498.806869656
-75.7953855827	-499.351669461
-76.0976621943	-499.897812035
-76.3966562574	-500.436386256
-76.6999437631	-500.98094192
-77.0054838498	-501.523178246
-77.3103926019	-502.068100126
-77.6124136284	-502.614975125
-77.9111673654	-503.158432154
-78.2120287255	-503.701278833
-78.5160829853	-504.247909696
-78.8209669429	-504.795883324
-79.1225492785	-505.338852074
-79.4227182704	-505.882919459
-79.7234308552	-506.424179227
-80.0221750576	-506.962143091
-80.32723449	-507.507064966
-80.6397249526	-508.052230981
-80.9812013941	-508.56224075
-81.310222846	-509.083236842
-81.6445219348	-509.615219262
-81.972109062	-510.131210472
-82.3019106206	-510.6475679
-82.6335432366	-511.166000511
-82.9678366018	-511.689193875
-83.3060934378	-512.218490749
-83.6434767074	-512.744491728
-83.9760591822	-513.260971216
-84.3095514608	-513.778305201
-84.6437532733	-514.300033717
-85.0056478797	-514.805282741
-85.3670885385	-515.303085476
-85.7263700786	-515.796249538
-86.0866072013	-516.287826688
-86.4485761949	-516.783554227
-86.8116476364	-517.282699734
-87.1759779272	-517.785019068
-87.5518190694	-518.277328638
-87.9353334734	-518.755966333
-88.3180887529	-519.242782739
-88.6962778401	-519.721298362
-89.1478693297	-520.291366723
-89.5206453623	-520.76182571
-89.8774339983	-521.211532738
-90.2154886562	-521.637436061
-90.5360948885	-522.042099148
-90.8399145441	-522.426986842
-91.1065103851	-522.763778832
-91.322868569	-523.034652857
-91.482633811	-523.232895044
-91.5769102402	-523.348495631
