-86.1455995854	-527.81321731
-86.0567648227	-527.648056178
-86.0063707647	-527.55540481
-85.9485513985	-527.449203637
-85.8839151689	-527.330063013
-85.8032591179	-527.181625513
-85.723533852	-527.035873559
-85.6365434957	-526.876938013
-85.5292303383	-526.681015162
-85.4254133521	-526.491562036
-85.3025228814	-526.268173368
-85.1831114122	-526.051864774
-85.0582048718	-525.826400901
-84.922130807	-525.580307156
-84.7770731283	-525.317733909
-84.6216089553	-525.037216333
-84.4636080085	-524.752060082
-84.295944436	-524.448837427
-84.1233503659	-524.13682571
-83.9448511421	-523.812240748
-83.7612707438	-523.480819853
-83.5719530415	-523.139511258
-83.3672201454	-522.771835476
-83.1403581919	-522.367782739
-82.9286386799	-521.991806176
-82.7092001265	-521.602646021
-82.4580423667	-521.157699731
-82.2257311164	-520.745956569
-81.9865324331	-520.321762234
-81.7340357148	-519.874496609
-81.4847452475	-519.43516555
-81.217022163	-518.962631375
-80.957430108	-518.504867699
-80.6672613452	-517.993393092
-80.3483297671	-517.434799344
-80.0613043134	-516.932846216
-79.7530062015	-516.394271998
-79.4718992543	-515.902450711
-79.1822130516	-515.396103052
-78.9144098583	-514.891342313
-78.6269361789	-514.339828638
-78.3515570001	-513.808212427
-78.0454885801	-513.215927268
-77.7415220567	-512.627792505
-77.45970176	-512.082992702
-77.1758158032	-511.534774929
-76.8685762717	-510.967880398
-76.5425932242	-510.37034622
-76.2454263983	-509.827377467
-75.9280321426	-509.248520046
-75.5906727146	-508.634628447
-75.2951395354	-508.097152856
-74.9899809184	-507.542221216
-74.6860697094	-506.990341332
-74.3541261967	-506.387069851
-74.0490400617	-505.832748563
-73.7246181787	-505.243881372
-73.416121705	-504.684066921
-73.1126501395	-504.132064966
-72.8039810478	-503.569198759
-72.4267370538	-502.881454616
-72.08948825	-502.26707473
-71.7736532522	-501.6923677
-71.4696581197	-501.13987747
-71.1572525318	-500.572128444
-70.8059160524	-499.933456568
-70.465813859	-499.314926295
-70.1288349446	-498.701400901
-69.8288891142	-498.155502467
-69.5244724581	-497.601791528
-69.1704561529	-496.957992702
-68.8475754104	-496.371444848
-68.5113937692	-495.760482937
-68.2038404784	-495.2001802
-67.8213798834	-494.503524927
-67.5128714869	-493.943710476
-67.2015301998	-493.37913528
-66.8878104536	-492.808212428
-66.5774242714	-492.243393089
-66.2512590712	-491.650253444
-65.9277269674	-491.062606959
-65.548464044	-490.373031763
-65.217667801	-489.771713404
-64.9085876782	-489.209945826
-64.6041242904	-488.6566011
-64.2953035659	-488.094833521
-63.9524509728	-487.470810086
-63.6279356315	-486.880478056
-63.3046305013	-486.292343286
-62.959494813	-485.663925322
-62.6516783079	-485.103744654
-62.3313171692	-484.520980984
-61.9886104888	-483.897812041
-61.6484539334	-483.278671416
-61.3393823939	-482.715927272
-61.0329572991	-482.15769973
-60.6951057747	-481.542099147
-60.2963592836	-480.816269068
-59.9916069321	-480.261825712
-59.6917173689	-479.716293482
-59.3486788117	-479.092270047
-59.0417816471	-478.534164578
-58.7338974314	-477.974716336
-58.4272043546	-477.417221219
-58.0832693407	-476.792343287
-57.7524120639	-476.191391141
-57.4466097186	-475.635727076
-57.1057226488	-475.014389188
-56.7997305227	-474.455551294
-56.4904787368	-473.891220241
-56.1800310439	-473.327255398
-55.8410227131	-472.713852077
-55.5203935925	-472.133041531
-55.2204515763	-471.588730008
-54.9002783126	-471.007431179
-54.5949346861	-470.451767118
-54.2961656877	-469.908310083
-53.9872858359	-469.347519069
-53.646003945	-468.728622584
-53.3286554636	-468.153183129
-53.0136530232	-467.581649925
-52.6791250546	-466.973617699
-52.3751432732	-466.420517118
-52.071296912	-465.865707544
-51.7587015479	-465.295761258
-51.4386675197	-464.715683134
-51.1295702283	-464.155868676
-50.8241693812	-463.600082545
-50.5017626113	-463.009506373
-50.1909754088	-462.440658715
-49.885807258	-461.884018091
-49.5452081989	-461.263900906
-49.194998008	-460.626205594
-48.8140604323	-459.932602076
-48.4840395279	-459.331527856
-48.1380007089	-458.701400904
-47.8017580343	-458.088730008
-47.4852106401	-457.51219192
-47.1796800933	-456.956527854
-46.8683740931	-456.390365747
-46.5625841454	-455.834213404
-46.254497749	-455.273178249
-45.8876573864	-454.604965355
-45.5760080638	-454.037826684
-45.2631647415	-453.468856961
-44.9331781685	-452.868881374
-44.6110002838	-452.283432156
-44.2391054452	-451.608749536
-43.9286577528	-451.045150906
-43.5325262384	-450.325424344
-43.1968633954	-449.716659695
-42.8966409991	-449.1710054
-42.5922510468	-448.613388211
-42.2531111081	-447.992416529
-41.9396440803	-447.421371607
-41.6218874281	-446.842147973
-41.2662622764	-446.193100123
-40.9142420122	-445.55137649
-40.594936592	-444.96958938
-40.2712442703	-444.3798677
-39.9646379773	-443.821396024
-39.6111414271	-443.177719267
-39.2624285069	-442.54307571
-38.9454233473	-441.965805201
-38.6558496794	-441.436874538
-38.3909418425	-440.952133325
-38.1432268454	-440.497787621
-37.8865206065	-440.025619654
-37.6477510773	-439.584701687
-37.4323313056	-439.185775905
-37.2173273396	-438.786850123
-36.9770853358	-438.341537621
-36.698814612	-437.826522976
-36.4359094922	-437.340805201
-36.1991693801	-436.903671413
-35.9283411328	-436.403793482
-35.6805231407	-435.946396023
-35.4319689104	-435.487533716
-35.2005541168	-435.059433133
-34.9582102126	-434.609848171
-34.746784431	-434.207016137
-34.582180245	-433.794296413
-34.4143335643	-433.355087428
-34.2497904121	-432.922348171
-34.1066820464	-432.543930204
-33.9732096021	-432.189560084
-33.8441431357	-431.846298366
-33.7186395962	-431.511581568
-33.596523506	-431.185531763
-33.4887430481	-430.897567895
-33.3764879529	-430.597519069
-33.2814676599	-430.330917506
-33.2213289562	-430.056625515
-33.1376077952	-429.733139188
-33.0543215109	-429.420395046
-32.9765360192	-429.128280785
-32.89442466	-428.818344264
-32.8209802939	-428.540756376
-32.7472078626	-428.2614595
-32.6695291817	-427.967880398
-32.5975267724	-427.630355983
-32.5403215722	-427.288925318
-32.4853899304	-426.997665557
-32.4313394855	-426.708236842
-32.3899195016	-426.411117701
-32.4030191739	-426.143783719
-32.4177095727	-425.888046415
-32.420582039	-425.63328567
-32.4239198989	-425.369369655
-32.4269373251	-425.145370632
-32.4528009726	-424.935043485
-32.5238230054	-424.706527858
-32.5762636492	-424.500595239
-32.6211397487	-424.288070826
-32.662121041	-424.094833524
-32.7152292561	-423.845321806
-32.7674028696	-423.608749537
-32.8350794138	-423.386825711
-32.9064791047	-423.10935989
-32.9659845657	-422.878280786
-33.0337297743	-422.666366724
-33.1475031204	-422.457992699
-33.2409899067	-422.251327661
-33.3179170907	-422.071029814
-33.4200784981	-421.884262231
-33.5422708803	-421.735946803
-33.6531450576	-421.581771996
-33.7554018318	-421.423080591
-33.856102211	-421.290512232
-33.970611794	-421.170272975
-34.0797159489	-421.030136255
-34.1769220656	-420.904647974
-34.2685816119	-420.786239773
-34.3592417064	-420.669296412
-34.4467050857	-420.556381374
-34.546848518	-420.427108916
-34.6395609211	-420.307724145
-34.7274286583	-420.194320824
-34.8219492281	-420.072250513
-34.9263727508	-419.972641139
-35.0366785354	-419.881942896
-35.1434061372	-419.770004421
-35.2440225899	-419.663559108
-35.346058113	-419.555648955
-35.4409334491	-419.455063013
-35.5497972794	-419.339950709
-35.6529581383	-419.24339309
-35.7819635702	-419.16502395
-35.8885118787	-419.077499538
-35.9961817093	-418.984481961
-36.0991518326	-418.895492699
-36.1935999214	-418.813827661
-36.2891275706	-418.731063992
-36.3981439898	-418.63670364
-36.4979669872	-418.561996608
-36.6057970347	-418.506942898
-36.7085115735	-418.433334498
-36.8019487688	-418.36436477
-36.8930094064	-418.299789575
-36.9929811794	-418.257187039
-37.0838358227	-418.206039577
-37.1693384488	-418.151352074
-37.3340723337	-418.046493679
-37.4999773343	-417.940658716
-37.5860292736	-417.885849148
-37.6724817583	-417.830917507
-37.7661478351	-417.771103053
-37.8654177013	-417.70750442
-37.9591333691	-417.647689965
-38.0455667818	-417.592392116
-38.1325037312	-417.53685012
-38.3021890931	-417.428451683
-38.3975603415	-417.367904811
-38.5613977747	-417.263290553
-38.7253038711	-417.186264188
-38.8788416219	-417.097763207
-39.0283319791	-417.024154809
-39.172199471	-416.945541528
-39.3136713339	-416.867904813
-39.4488489466	-416.793197779
-39.5783579192	-416.721664575
-39.7276422798	-416.638900905
-39.8674928961	-416.561630397
-39.9971010532	-416.507187038
-40.1220018689	-416.443222195
-40.2502710647	-416.377182154
-40.4144403769	-416.292099146
-40.590091928	-416.222274927
-40.7497255633	-416.149398952
-40.9024469682	-416.116684106
-41.0524904577	-416.102401882
-41.1856653524	-416.076767114
-41.3340494457	-416.081161649
-41.483669502	-416.094955594
-41.6564104379	-416.128036643
-41.7574102697	-416.145126492
-41.8808004681	-416.146469267
-41.9960462871	-416.147201685
-42.1093637772	-416.147934108
-42.2160379723	-416.167709497
-42.3296682658	-416.201278836
-42.4313680949	-416.213363796
-42.6252310113	-416.233383326
-42.7316019369	-416.244369656
-42.8347723332	-416.254989773
-42.935175164	-416.265487818
-43.1233713448	-416.28514114
-43.3150808641	-416.297958521
-43.4840853051	-416.306625514
-43.6306841196	-416.28990188
-43.7678053211	-416.269516142
-43.8877680139	-416.252182157
-44.0057871165	-416.21177688
-44.114176017	-416.194442896
-44.2469580001	-416.143905787
-44.3640386882	-416.084823755
-44.471634133	-416.039291529
-44.5586130451	-415.98484817
-44.6655943217	-415.908432154
-44.7543127367	-415.838730006
-44.8625795672	-415.786361844
-45.0040323574	-415.718490747
-45.1479837726	-415.635360866
-45.2376234375	-415.588730006
-45.3419916462	-415.534774927
-45.4748174982	-415.465927271
-45.6010763481	-415.400253441
-45.7396967242	-415.328354031
-45.8790247259	-415.255966336
-46.0151922547	-415.185165556
-46.1594106983	-415.110458523
-46.2981512381	-415.038314968
-46.4233839344	-414.97349563
-46.537191612	-414.899765164
-46.6440374688	-414.84019485
-46.7513754193	-414.780746605
-46.8607332536	-414.720077663
-46.984382851	-414.651474146
-47.0905325245	-414.592147974
-47.1980631179	-414.532699734
-47.30085395	-414.475326682
-47.4100134197	-414.414779808
-47.5096723868	-414.359481959
-47.6123792944	-414.302475125
-47.7301962209	-414.237045434
-47.854120477	-414.168075711
-48.0188543624	-414.076278833
-48.1730787599	-413.990341335
-48.344473107	-413.894272001
-48.550501091	-413.779037625
-48.7416536644	-413.671737819
-48.9775965039	-413.538803247
-49.2209989855	-413.401596214
-49.4694025358	-413.261337429
-49.7339670488	-413.111801297
-50.0204984986	-412.949447784
-50.3184740365	-412.780136254
-50.6174032504	-412.609970241
-50.9390661563	-412.42662063
-51.2743933032	-412.234970238
-51.6003954238	-412.048690948
-51.9869959189	-411.827133323
-52.3669035275	-411.609481958
-52.7452623663	-411.392318876
-53.1322443318	-411.170150903
-53.5227358165	-410.945297388
-53.938776238	-410.705795436
-54.3481409379	-410.469833522
-54.8115389183	-410.202499535
-55.2907430957	-409.925399927
-55.7857115091	-409.638656766
-56.225525123	-409.384018091
-56.66061042	-409.134506373
-57.0578653627	-408.931503441
-57.4980299303	-408.704086455
-57.8375589674	-408.529892114
-58.1583998027	-408.365829614
-58.5104029018	-408.161483911
-58.8533842374	-407.967147973
-59.1205580055	-407.815902859
-59.3702013335	-407.674667505
-59.60950683	-407.538437036
-59.797113639	-407.405502468
-59.9911272355	-407.280136257
-60.1606485667	-407.171859889
-60.3405172656	-407.057113794
-60.5158731766	-406.945175318
-60.6888162922	-406.834823755
-60.8393690424	-406.739120628
-60.9776613542	-406.651352075
-61.1096231759	-406.567611844
-61.2431204151	-406.483017116
-61.3702013323	-406.402206569
-61.4955465633	-406.322616725
-61.6267664261	-406.239486841
-61.7511694253	-406.160507353
-61.8761541654	-406.081283714
-61.9939730015	-406.006698756
-62.1042387314	-405.936996609
-62.2148573222	-405.866928249
-62.3275549226	-405.795761257
-62.4397585217	-405.724716336
-62.5335485756	-405.659896997
-62.6268007592	-405.596176294
-62.7133428865	-405.539535673
-62.8009397803	-405.482040551
-62.896166069	-405.415878445
-63.0441725085	-405.297470241
-63.1980879143	-405.188461451
-63.3578703217	-405.075424339
-63.47984336	-404.966537622
-63.6070024804	-404.868881371
-63.7209093397	-404.781601098
-63.841221077	-404.689560085
-63.9525511087	-404.604232936
-64.0642511683	-404.518539575
-64.1721479731	-404.435775904
-64.2732126532	-404.358383326
-64.3700296711	-404.282943873
-64.4366552662	-404.196518092
-64.5175878842	-404.092147975
-64.6331274337	-403.954696804
-64.6858370132	-403.853744654
-64.7343599618	-403.7458345
-64.7768919313	-403.633529808
-64.8166162798	-403.504623562
-64.8828317943	-403.364608914
-64.9568540886	-403.226425318
-65.0418112108	-403.067733914
-65.113805994	-402.886947779
-65.1886522599	-402.714462426
-65.2825929962	-402.508896023
-65.3846933682	-402.285141137
-65.4916879968	-402.050033718
-65.595802529	-401.820663601
-65.7142259908	-401.559433129
-65.8274004282	-401.30906692
-65.9667475057	-401.000229029
-66.0947077102	-400.715561063
-66.2310793241	-400.41123977
-66.38302253	-400.071640162
-66.5250284515	-399.75413528
-66.6735689476	-399.421249535
-66.8016435923	-399.055160669
-66.8651315988	-398.701889186
-66.9388429942	-398.308944848
-67.0135919877	-397.914657743
-67.0647623386	-397.510238795
-67.121338112	-397.107284694
-67.1791956265	-396.687729027
-67.2374422386	-396.263168483
-67.2995188072	-395.808090356
-67.3617327044	-395.350326686
-67.4105646433	-394.898056177
-67.4267885505	-394.358627468
-67.4453852004	-393.865707546
-67.4635965655	-393.329696802
-67.4799959497	-392.82554641
-67.4930155111	-392.321151882
-67.4617082905	-391.835434107
-67.3901407559	-391.350082546
-67.3159792254	-390.849350125
-67.231819374	-390.314071802
-67.1207506492	-389.817855983
-66.9529840769	-389.347397
-66.7591593094	-388.834335474
-66.5689394295	-388.353256373
-66.3718416529	-387.861190945
-66.1086656878	-387.204086451
-65.8830606774	-386.663192899
-65.6654779745	-386.153915553
-65.4442331617	-385.639022974
-65.2183153458	-385.115219265
-64.9863321615	-384.57859817
-64.7429125133	-384.063095239
-64.4960062329	-383.548690943
-64.2170488658	-382.971298367
-63.9260256119	-382.370712428
-63.6254427261	-381.761581569
-63.3016893684	-381.182357936
-62.9923517533	-380.636337426
-62.6750986425	-380.084335476
-62.3596575089	-379.537582542
-62.0543825454	-379.008041528
-61.7204630214	-378.428329616
-61.4357149433	-377.931869658
-61.1668093043	-377.460800318
-60.8869936297	-376.969711451
-60.6457559895	-376.546249538
-60.3899347616	-376.096908721
-60.1712992032	-375.712143092
-59.9430620504	-375.310165551
-59.7352373442	-374.942855985
-59.5142824487	-374.553207545
-59.2866022434	-374.150985867
-59.0716135334	-373.772079617
-58.8500025098	-373.380966335
-58.6109011016	-372.959823756
-58.3589937511	-372.51670852
-58.1226770703	-372.101059106
-57.8528139423	-371.627182154
-57.6013758006	-371.185287623
-57.3777353605	-370.791610866
-57.1839525532	-370.449325707
-56.990062935	-370.106430202
-56.7940904918	-369.758651881
-56.6200868909	-369.450058129
-56.4419863047	-369.13426223
-56.2312509856	-368.761093287
-56.0348818123	-368.413192897
-55.8808901156	-368.139877466
-55.7035944287	-367.824447778
-55.514484626	-367.48875442
-55.3385965661	-367.176986841
-55.1594774558	-366.859481959
-54.9832842164	-366.547470242
-54.8307039565	-366.27647415
-54.6767160724	-366.002182154
-54.529419166	-365.739364773
-54.3953668891	-365.500473171
-54.2716867747	-365.278793484
-54.1261408168	-365.018905786
-53.9814073867	-364.781356959
-53.832569344	-364.554794462
-53.6957285231	-364.335922388
-53.5342447588	-364.078354028
-53.4007494289	-363.865829614
-53.27472709	-363.684066921
-53.1232302026	-363.536850124
-52.9720384915	-363.377182157
-52.8413355198	-363.22593704
-52.7156030968	-363.080917506
-52.5892374342	-362.934677271
-52.4482691123	-362.771103056
-52.3399393385	-362.64476028
-52.2031328515	-362.530380399
-52.0669824901	-362.443710476
-51.9575846032	-362.351181178
-51.8383104627	-362.247055201
-51.728420479	-362.150985865
-51.6164629281	-362.052719266
-51.4857179949	-361.938095236
-51.3557474451	-361.839096216
-51.1864054023	-361.758407737
-51.0178987811	-361.662826688
-50.8741953203	-361.570907739
-50.7250482865	-361.475204616
-50.5828401861	-361.384018091
-50.4418756788	-361.307480006
-50.2820169745	-361.25840774
-50.118602974	-361.198349147
-49.9697382289	-361.131088403
-49.8144724207	-361.061020047
-49.6746179881	-360.998275904
-49.5296938253	-360.932602076
-49.3720018688	-360.861190943
-49.1819956143	-360.80931106
-49.0046732258	-360.749252468
-48.8420450517	-360.691024928
-48.6930315331	-360.637680203
-48.5267145467	-360.57762161
-48.3675501167	-360.533310085
-48.1739847502	-360.521469262
-47.9907533947	-360.501083521
-47.8288538277	-360.471420435
-47.650863868	-360.438583523
-47.4836389848	-360.408310086
-47.3149835897	-360.409164577
-47.1559145291	-360.418930202
-46.976654275	-360.408798367
-46.8069727243	-360.399154812
-46.661945565	-360.414657738
-46.5251962979	-360.450546412
-46.3641512219	-360.477401881
-46.211216195	-360.491806176
-46.0599214862	-360.506088404
-45.9344446491	-360.53977981
-45.8217050853	-360.588119656
-45.7071153952	-360.624618679
-45.57625602	-360.654892114
-45.4578668902	-360.683578637
-45.3581316303	-360.730941918
-45.2550089186	-360.76683059
-45.1387560194	-360.802230984
-45.0339319549	-360.834213404
-44.9284250555	-360.865951688
-44.8091432886	-360.902328639
-44.7012140568	-360.93504348
-44.5889856634	-360.969223171
-44.4720079728	-361.02354446
-44.3403475109	-361.082626492
-44.2119448023	-361.130844263
-44.0960352255	-361.185165551
-43.99731086	-361.246566921
-43.893051368	-361.293441921
-43.7850382169	-361.341781765
-43.6779291468	-361.389267114
-43.5676538773	-361.438217312
-43.4377825097	-361.49620071
-43.3008806539	-361.557480008
-43.1596186006	-361.620102074
-43.0299494102	-361.677230984
-42.8810274432	-361.743637233
-42.7023584663	-361.82371536
-42.5053140951	-361.912094261
-42.3144647898	-361.997421412
-42.1105730358	-362.089096212
-41.886089546	-362.190170437
-41.6723329857	-362.286483914
-41.4661257092	-362.37974563
-41.2650759062	-362.469955593
-41.0511362369	-362.565292508
-40.8537065804	-362.653793484
-40.6569521262	-362.744613794
-40.4827768629	-362.860092313
-40.3271448442	-362.952133328
-40.1631510088	-363.043808132
-40.0039675066	-363.13291946
-39.8541414554	-363.217025906
-39.7005998916	-363.303451685
-39.5621454556	-363.380478052
-39.3991510693	-363.471420433
-39.2384722043	-363.561996607
-39.0675318083	-363.658065943
-38.8844911879	-363.759872583
-38.6814348529	-363.873397976
-38.4959719002	-363.977890164
-38.3238489465	-364.074081569
-38.1606561957	-364.1644136
-37.997822028	-364.255111842
-37.8304941492	-364.348617702
-37.6601450271	-364.443832544
-37.4883425075	-364.540023953
-37.306217416	-364.642074736
-37.1461641621	-364.731796412
-36.9740030592	-364.828231958
-36.8160211879	-364.917099146
-36.6523172685	-365.008773952
-36.509617075	-365.088241726
-36.3313600855	-365.187729029
-36.1874201127	-365.268173364
-36.0431978551	-365.348861843
-35.8630869228	-365.449813992
-35.6929743116	-365.545150905
-35.5087778388	-365.648788601
-35.3003046351	-365.766342311
-35.0862200077	-365.887313989
-34.8636705709	-366.013046412
-34.6261980366	-366.147567894
-34.3577158278	-366.299911645
-34.0889246293	-366.452621607
-33.8004839256	-366.616928247
-33.5074808424	-366.784164576
-33.2223551088	-366.947128442
-32.9625093769	-367.095199731
-32.6545374221	-367.27024856
-32.4049074492	-367.411972195
-32.1679041208	-367.546249535
-31.9642832117	-367.66160598
-31.756237251	-367.779159694
-31.5198480917	-367.912826688
-31.2793466876	-368.048935086
-31.025448067	-368.192733911
-30.762378914	-368.342025906
-30.4969942411	-368.49278274
-30.1987802801	-368.661972194
-29.8634722055	-368.852890163
-29.5569231346	-369.027328641
-29.2198221511	-369.219467308
-28.8995935759	-369.401840354
-28.6098673173	-369.566879421
-28.2872736288	-369.749740746
-27.926388007	-369.955307154
-27.5985720003	-370.142196807
-27.1985742884	-370.370224146
-26.878612741	-370.552719265
-26.5800211264	-370.722885279
-26.3012926414	-370.881820826
-26.0118028949	-371.046737818
-25.7452509237	-371.197738794
-25.5043451621	-371.334091333
-25.2242929784	-371.492782739
-24.9560472805	-371.645370631
-24.663410408	-371.811508327
-24.3537752462	-371.988144067
-23.9969980558	-372.192001489
-23.6756441423	-372.375961454
-23.3467371294	-372.564193875
-22.9714243243	-372.779525904
-22.5758783648	-373.006820825
-22.2089006734	-373.217636255
-21.8288652733	-373.436264183
-21.4521410302	-373.653183131
-21.0789606404	-373.867904813
-20.6835520087	-374.095443873
-20.2820894553	-374.326522974
-19.8423082654	-374.580185084
-19.4457666711	-374.809433131
-19.0336115191	-375.047836449
-18.556453927	-375.324325711
-18.1012232144	-375.588485865
-17.6471445392	-375.852035668
-17.2253763498	-376.096298365
-16.7883417429	-376.349594263
-16.3063165969	-376.629013208
-15.8754389109	-376.879257349
-15.4417841261	-377.131454615
-14.9635050122	-377.41014114
-14.5052225416	-377.676986843
-14.0228617034	-377.958480979
-13.4858743988	-378.272201685
-12.9771959606	-378.568222196
-12.4361231163	-378.854355006
-11.9501001653	-379.111923364
-11.3662302315	-379.419662623
-10.8069612806	-379.714340359
-10.2379190745	-380.014755399
-9.71241019364	-380.292343285
-9.17811988166	-380.57444778
-8.64801429142	-380.854477076
-8.02316687856	-381.184921413
-7.47780249827	-381.473617702
-6.87117407931	-381.794540552
-6.32168982871	-382.08555618
-5.77095435408	-382.377182154
-5.22313330846	-382.667221218
-4.59000800445	-383.002548364
-4.02203772706	-383.303085476
-3.46560309554	-383.597763209
-2.88483069709	-383.905624537
-2.27869056026	-384.227035672
-1.7173349692	-384.524521022
-1.14336036053	-384.829086452
-0.567516547919	-385.134384303
0.0185048755375	-385.445175319
0.653751152451	-385.781723171
1.20928551367	-386.076522974
1.89818169305	-386.442123558
2.49559380312	-386.75901809
3.0523412404	-387.054306176
3.60570885439	-387.34776321
4.15829064092	-387.640976101
4.73004509683	-387.944320826
5.30753685802	-388.250717312
6.00619103317	-388.621322778
6.5788152382	-388.924789574
7.19126488501	-389.249618679
7.73052574863	-389.535141136
8.34716393292	-389.860702662
8.92483879731	-390.164535668
9.44216515397	-390.435531765
9.88496758218	-390.666732936
10.3123662638	-390.889267118
10.711238639	-391.096298364
11.094890373	-391.294906765
11.4635427169	-391.485214383
11.8195760426	-391.668441921
12.1682851473	-391.847396999
12.5057866736	-392.020614772
12.831981437	-392.187851097
13.1331594168	-392.342270046
13.433452385	-392.4958345
13.6993825602	-392.631332547
13.9596669843	-392.763900906
14.1881978681	-392.879745631
14.4098088905	-392.992050319
14.630565422	-393.103866723
14.8658101724	-393.223007349
15.115245598	-393.349105984
15.3373067551	-393.462631376
15.5247609789	-393.561386256
15.7297322921	-393.666855007
15.9225957565	-393.766342311
16.1105535204	-393.863021999
16.2702367476	-393.94529739
16.428890008	-394.036605983
16.5773122477	-394.116195827
16.7286184008	-394.197494654
16.8721349393	-394.274276882
17.0089223553	-394.347641136
17.1584279708	-394.427719264
17.2861287761	-394.49595657
17.4311406778	-394.573593291
17.5675161059	-394.646835473
17.6890065846	-394.721908718
17.8304937062	-394.810165555
17.9736211458	-394.893783716
18.1012685461	-394.968246609
18.2190282514	-395.036972195
18.3480794604	-395.112167505
18.4824636144	-395.190780786
18.6215779959	-395.271957546
18.7866552041	-395.368637233
18.9677694026	-395.474594264
19.1437032387	-395.577743678
19.3310582802	-395.687606957
19.5421254805	-395.811752466
19.7608144472	-395.940536648
19.9945943519	-396.078354029
20.2389409716	-396.222641141
20.510814445	-396.383407739
20.794368522	-396.551254418
21.0885884936	-396.725692897
21.4034688637	-396.912582545
21.715205923	-397.097885281
22.0587499322	-397.302353053
22.4259984673	-397.521225125
22.7848394085	-397.735580593
23.1582906428	-397.958725121
23.5244481728	-398.177963406
23.9567678142	-398.437240751
24.3715932546	-398.686630396
24.839694755	-398.968124538
25.3515279455	-399.276352078
25.8259389575	-399.56260696
26.2675893478	-399.829330593
26.7089650799	-400.096298369
27.1841314005	-400.383896023
27.689731375	-400.689926293
28.21061303	-400.957992701
28.7108113941	-401.158920435
29.2390554124	-401.366195827
29.76024224	-401.523544459
30.2849233313	-401.62937942
30.8447835608	-401.737777856
31.3719747242	-401.798935087
31.9175985039	-401.850326684
32.5157354046	-401.90293899
33.0603292155	-401.914901884
33.6137426074	-401.916488797
34.1554067291	-401.902694847
34.7229573907	-401.821762232
35.3111531913	-401.704330591
35.8341100384	-401.587875513
36.3716542888	-401.432113793
36.889056938	-401.282089381
37.4291188874	-401.108993677
37.9564626388	-400.873275905
38.4915883713	-400.604110869
38.9292256995	-400.322616726
39.366542595	-400.032455594
39.8653066327	-399.692001491
40.3125493689	-399.385238794
40.7955587092	-399.05491653
41.3476522138	-398.621444847
41.7530095752	-398.197616725
42.0944631263	-397.809311061
42.4616658859	-397.369491724
42.7625386885	-396.953476099
43.0170095143	-396.554672386
43.2644765542	-396.171371609
43.4694936438	-395.853256373
43.6661183995	-395.546981957
43.8742940603	-395.221664577
44.044307487	-394.955185084
44.2213094398	-394.677353055
44.3708150561	-394.442489773
44.5132405926	-394.21849075
44.6636159588	-393.981063988
44.7846944507	-393.771103052
44.8779180219	-393.567733912
44.9737966229	-393.387191921
45.0816304854	-393.18406692
45.1801412267	-392.998031765
45.2764547053	-392.834213405
45.3614766779	-392.680771019
45.4375951454	-392.542953638
45.510860223	-392.410263207
45.5886113818	-392.26951614
45.6625020673	-392.135727076
45.7316777894	-392.010482937
45.8046682061	-391.878158717
45.8746678992	-391.751205594
45.9498250647	-391.615097193
46.0415609064	-391.44932571
46.1339833903	-391.282699735
46.2305562674	-391.108383327
46.3453939132	-390.901718288
46.4727895433	-390.67283645
46.6035726239	-390.438339381
46.7393758463	-390.19493118
46.8868825609	-389.931503442
47.0461537999	-389.647323758
47.20328881	-389.367660669
47.3872029958	-389.040878444
47.572536248	-388.71202102
47.7590749439	-388.381576682
47.9436910315	-388.055160668
48.1339299863	-387.7191011
48.3548009556	-387.329818873
48.569820182	-386.950912623
48.7889592808	-386.565902857
49.0286367097	-386.14512649
49.2550618823	-385.748153834
49.4915044473	-385.334213404
49.7457692798	-384.889511256
50.0009420079	-384.443832546
50.2576406185	-383.995956569
50.5282705005	-383.524521024
50.806834952	-383.04002395
51.0993001619	-382.53172317
51.3747365651	-382.053207546
51.6531331706	-381.569809107
51.9629018473	-381.032211449
52.2562062911	-380.522689966
52.5423238454	-380.026107937
52.8723867118	-379.454818876
53.1752965618	-378.931137234
53.4698445952	-378.420272976
53.7560842189	-377.837387231
54.0088536908	-377.274887234
54.221767203	-376.782455593
54.4236715008	-376.308578639
54.6129567787	-375.862411648
54.8054769209	-375.40696731
54.969951409	-375.016830592
55.1269033123	-374.643417508
55.2829091708	-374.272445828
55.4474141774	-373.880966336
55.5926473325	-373.534530786
55.7308156668	-373.161728054
55.848506706	-372.797104029
55.9612844147	-372.460922389
56.0850789708	-372.089096218
56.1908834147	-371.769882349
56.2869069754	-371.479355006
56.3834340735	-371.186264186
56.4813344643	-370.866439967
56.5180013354	-370.578109887
56.561015862	-370.28880325
56.6096151049	-370.004257352
56.6506917652	-369.759994651
56.6865804379	-369.544906762
56.7250936198	-369.313461452
56.7578084642	-369.116806179
56.7902486494	-368.920883326
56.8267476744	-368.700546412
56.8606832194	-368.495834495
56.894481438	-368.2927095
56.934444206	-368.053085474
56.9760549233	-367.802597195
57.0080068292	-367.521591333
57.0268056568	-367.248520045
57.050060051	-367.01658645
57.073940055	-366.773056177
57.0985677403	-366.521713401
57.1216695484	-366.288314966
57.1348378841	-366.018417505
57.1446950595	-365.764755398
57.1579396897	-365.524276877
57.1718404472	-365.255111839
57.1833303145	-365.027938991
57.1970632249	-364.767685084
57.1847493805	-364.526474149
57.1655385662	-364.272079618
57.1533925696	-363.93748489
57.141902702	-363.653671413
57.1087148344	-363.367904811
57.0784566581	-363.02317825
57.0488546061	-362.686752466
57.0073201824	-362.337997584
56.9112966236	-361.918319848
56.7943380058	-361.599350123
56.663676994	-361.236435084
56.5276754071	-360.84373489
56.3869283365	-360.441269067
56.2292897863	-359.991806176
56.060222405	-359.592758323
55.893993157	-359.212509301
55.7149312654	-358.854843285
55.5052297295	-358.459945826
55.3109548267	-358.088974145
55.0769612945	-357.645858912
54.819148796	-357.212387231
54.5769460363	-356.800521998
54.3164327316	-356.43760696
54.0025365515	-356.098373561
53.6624715496	-355.729721218
53.2911031423	-355.332748559
52.9530522987	-354.971176295
52.5964238819	-354.590316922
52.2454259582	-354.236679227
51.7952382747	-353.79588333
51.4067495044	-353.414779812
50.986980218	-353.018051293
50.602130668	-352.671615747
50.2021291424	-352.328231961
49.7779500651	-352.034286645
49.3338735269	-351.735580591
48.8963430096	-351.453231959
48.4053075482	-351.175644071
47.8767659836	-350.876571802
47.3716314003	-350.592758327
46.9011495285	-350.328231958
46.4097020798	-350.051620633
45.9167516396	-349.773056179
45.3882711112	-349.473373557
44.8959081347	-349.193710476
44.3798787772	-348.900619656
43.8579366377	-348.605331569
43.2936513609	-348.285141138
42.7684056933	-347.985336453
42.2427404085	-347.684555201
41.6919973053	-347.3708345
41.1629293128	-347.071273952
40.6096379921	-346.758041529
40.0588872588	-346.446273951
39.4419057533	-346.095688015
38.8921239544	-345.781845239
38.3184468917	-345.454452662
37.6819875422	-345.092636256
37.1077840496	-344.767563013
36.5119970016	-344.429672388
35.947223441	-344.108993677
35.4058797539	-343.801742699
34.8620565104	-343.492416529
34.3009908359	-343.17247024
33.6991689391	-342.829086451
33.0880620647	-342.481063989
32.535648125	-342.166122587
31.9720342319	-341.844467311
31.405360954	-341.520370631
30.7527883218	-341.146835475
30.2027700116	-340.832260279
29.6665990517	-340.525863792
29.0675161049	-340.183212426
28.5122945467	-339.865829614
27.9349935224	-339.537094261
27.3713872596	-339.217025904
26.832462089	-338.911605982
26.2808034595	-338.594467313
25.7695272138	-338.250106957
25.3015935589	-337.853988792
24.884143608	-337.383896018
24.4922750171	-336.848617702
24.1311910314	-336.305648952
23.8456456832	-335.790023948
23.5894658733	-335.19139114
23.3860280684	-334.660141139
23.2420842819	-334.105087427
23.1790044463	-333.552230984
23.2151296316	-332.88279739
23.2803304363	-332.33518997
23.3977544486	-331.811020045
23.6148488699	-331.248520042
23.8680913608	-330.716415553
24.1064717942	-330.244857935
24.3547322922	-329.768295436
24.6334188161	-329.235214378
24.8905523004	-328.74314895
25.1532476108	-328.241317898
25.4472615896	-327.6812593
25.7137868558	-327.173935085
25.9864385296	-326.655136256
26.2597005528	-326.135238797
26.5502431566	-325.581772001
26.9038503326	-324.909042506
27.2050588293	-324.336776883
27.5219304721	-323.734726098
27.8106191332	-323.186874535
28.1172139811	-322.606186061
28.492824332	-321.895492699
28.8287389453	-321.260360867
29.1180684726	-320.713119656
29.4161794351	-320.148788601
29.713718192	-319.58555618
30.0923574133	-318.870224144
30.4127538375	-318.265121605
30.7182500527	-317.688217313
31.0147435828	-317.127426292
31.3242528607	-316.541732934
31.6322591469	-315.958480981
31.9283101719	-315.396957547
32.2406346974	-314.804916533
32.5335576717	-314.250473171
32.8716008831	-313.610580591
33.2067525551	-312.975570827
33.5741841952	-312.279525904
33.8968160318	-311.669174342
34.2141454386	-311.068832548
34.517909781	-310.493759303
34.8195455236	-309.922714382
35.1178014441	-309.358627467
35.4502904583	-308.728988798
35.74649407	-308.167831564
36.042087334	-307.609359888
36.3372304596	-307.052353052
36.6716268235	-306.419906761
36.9723241502	-305.851547387
37.3125417395	-305.208725123
37.6225927057	-304.62217727
37.9342611014	-304.032943873
38.2350499786	-303.464340358
38.5380590126	-302.890487819
38.8434636769	-302.311142114
39.1500432655	-301.730941919
39.4418599771	-301.18016067
39.7836721118	-300.534896997
40.1002004324	-299.935775904
40.4278295204	-299.315292505
40.7223088902	-298.75804153
41.09028985	-298.061874535
41.4042546925	-297.468002467
41.6988637627	-296.91075149
41.9907338799	-296.358749536
42.3128926933	-295.748642117
42.6497304611	-295.110824733
42.9414098443	-294.558944849
43.2371251751	-293.999374537
43.566325921	-293.376083524
43.8555104907	-292.822738797
44.1389119789	-292.257309105
44.4507558505	-291.634262231
44.7101934125	-291.077011256
44.9658544228	-290.514389183
45.2177922899	-289.952011253
45.4684026409	-289.389999534
45.7428243333	-288.774276881
46.0227315602	-288.146469262
46.2879598307	-287.551742701
46.5455434478	-286.973251493
46.8016088178	-286.398178249
47.0566823652	-285.826034692
47.3365895916	-285.197982935
47.5880086581	-284.633407742
47.8734929726	-283.992172386
48.1341283483	-283.40708938
48.4535558391	-282.689926297
48.7335088416	-282.061752471
48.9899709394	-281.486313011
49.2542989418	-280.892807154
49.5117528608	-280.314560083
49.7710607216	-279.732284691
50.0413167634	-279.1253511
50.3218953774	-278.495590359
50.5858342825	-277.902816918
50.8568761507	-277.294662625
51.1052053142	-276.737045433
51.3391835857	-276.210067898
51.5658147511	-275.697982937
51.7851140662	-275.200424343
52.0255239193	-274.653549341
52.2355840392	-274.175644069
52.4341085117	-273.722885282
52.6454427426	-273.239242699
52.8292501126	-272.817245629
53.020793692	-272.379623562
53.2160909334	-271.934188994
53.425060051	-271.429306176
53.6014821695	-270.970565944
53.7814519569	-270.503646999
53.9875524204	-269.9645845
54.1758840253	-269.468979028
54.3654210723	-268.969711451
54.5605962441	-268.459213407
54.7852437663	-267.874618677
55.0063436204	-267.301742701
55.2419393244	-266.692367699
55.4810445482	-266.07505813
55.6679952313	-265.535507351
55.8713796311	-264.940536647
56.0622213071	-264.376449731
56.2498433754	-263.821640164
56.4683187172	-263.175766139
56.6886861487	-262.525131372
56.882671135	-261.953231961
57.1199910813	-261.254013209
57.3407857592	-260.604355004
57.5621297526	-259.95726028
57.8012044611	-259.252914575
57.9830892247	-258.707504419
58.1614034356	-258.172226099
58.3478353187	-257.585800317
58.5200917891	-256.989975124
58.6675985028	-256.472763209
58.8041646663	-255.988876491
58.9352376641	-255.521713407
59.0607564631	-255.073105005
59.1909902253	-254.607895047
59.3389241871	-254.080673367
59.4793508223	-253.581527856
59.6210439365	-253.079086451
59.7621114419	-252.580307153
59.922939078	-252.012313992
60.1184041684	-251.323837425
60.2871968913	-250.730575711
60.4414785085	-250.189438014
60.5956838304	-249.547348167
60.7150991131	-249.001815944
60.8348806065	-248.436874538
60.9351461103	-247.95762649
61.0320394195	-247.490951684
61.1344716726	-246.995590357
61.2319600744	-246.523666529
61.3174550701	-246.106674343
61.4040486983	-245.681503444
61.4855306308	-245.280258323
61.5753286043	-244.837753442
61.6612966225	-244.41380325
61.7363546054	-244.041610868
61.8158223801	-243.648056176
61.9067342451	-243.19944778
61.9687459639	-242.763656763
62.0206563639	-242.342514187
62.0748555837	-241.907699734
62.1184652024	-241.551376489
62.1594808257	-241.212631372
62.2055928879	-240.830917506
62.2494161304	-240.469101102
62.3060872728	-240.007431178
62.3546407394	-239.580063014
62.3947408363	-239.136703638
62.434779898	-238.72654739
62.480708853	-238.258407738
62.5246236493	-237.814071801
62.5661275553	-237.394271998
62.6081197431	-236.963974145
62.6534841238	-236.494980007
62.7040975258	-235.973129419
62.7469747252	-235.531479031
62.7914693524	-235.073105006
62.8310506512	-234.666000512
62.8683431318	-234.279281763
62.9041402512	-233.903793482
62.9379079517	-233.545883324
62.9720876394	-233.18443313
63.0085714036	-232.798813011
63.0421102204	-232.441635281
63.0744588558	-232.09788528
63.106044547	-231.763656761
63.1372029948	-231.415634302
63.1437795329	-231.115097194
63.1561544107	-230.840561061
63.16802575	-230.573105005
63.1795613931	-230.308334497
63.1916310965	-230.026107935
63.204265373	-229.735092313
63.216762321	-229.456283717
63.2307088542	-229.149643091
63.2458455741	-228.822738795
63.2614553131	-228.490951685
63.2800710367	-228.103134302
63.2981527024	-227.728744649
63.316081779	-227.362899926
63.3372762363	-226.940170437
63.3574330987	-226.541732934
63.3850362479	-226.006576683
63.4090230635	-225.548813016
63.4361837092	-225.03599563
63.4601094907	-224.589340357
63.4865071935	-224.100937036
63.5138814624	-223.598495632
63.5409505537	-223.107406764
63.5689962081	-222.604843287
63.6005971603	-222.04307571
63.6299550709	-221.525863793
63.6614949882	-220.973251489
63.6929891289	-220.423202661
63.7282369324	-219.814071803
63.7612264325	-219.252060084
63.7987935709	-218.618148951
63.8384969401	-217.951400904
63.8747060469	-217.345932154
63.9129750899	-216.709701684
63.9488790202	-216.115463404
63.9852407138	-215.516342308
64.0257222814	-214.851303251
64.0627858797	-214.244613796
64.1038778005	-213.573715357
64.1449697198	-212.904037625
64.1824300446	-212.294662625
64.2217061683	-211.657821803
64.2611653979	-211.018539576
64.3037069018	-210.328842311
64.3390157395	-209.747177276
64.3720357576	-209.190658716
64.4063985529	-208.607040552
64.4437520682	-207.973739771
64.4848897639	-207.278183131
64.5253713297	-206.599838402
64.5626485517	-205.980453644
64.5989644692	-205.378646997
64.6381185222	-204.732895046
64.6749837571	-204.128158716
64.7176625895	-203.428451682
64.7561452559	-202.79710403
64.7950093925	-202.150253442
64.8313863435	-201.528183131
64.8658101724	-200.92283645
64.8999898609	-200.316391139
64.9335897135	-199.723495631
64.9657857592	-199.159896997
65.0018575366	-198.527328637
65.0328481377	-197.971542506
65.0617330251	-197.441513212
65.0910298984	-196.888900904
65.1144521416	-196.435531764
65.1366994553	-196.002548367
65.1605031666	-195.537704612
65.1816671059	-195.119369652
65.2079274817	-194.755966332
65.2380025572	-194.376449733
65.2617299734	-194.060287624
65.2879598317	-193.708480983
65.3099935225	-193.409042505
65.3453176182	-193.069320825
65.3703572924	-192.80809036
65.3919332185	-192.5796968
65.4125936194	-192.360702664
65.433940666	-192.13255325
65.4641530688	-191.92576614
65.5016591712	-191.721054226
65.526454705	-191.548813014
65.5515096363	-191.374252468
65.5737264323	-191.219467313
65.5957296067	-191.066024928
65.6178395915	-190.911972191
65.6421468416	-190.742904811
65.6723439856	-190.533920437
65.7011373209	-190.335312036
65.7320058511	-190.123275904
65.7683522863	-189.875473168
65.8005635914	-189.625229029
65.8071096126	-189.377060083
65.8301656422	-189.080063016
65.8541219404	-188.778183131
65.8777730641	-188.482406766
65.9029500667	-188.170150905
65.9317891768	-187.815658717
65.9603841468	-187.467514186
65.9922139823	-187.082870632
66.0320851963	-186.604965357
66.0656087575	-186.207504423
66.1045644461	-185.748275907
66.1418111497	-185.313583523
66.1810872729	-184.857772973
66.2242086094	-184.361801292
66.2635610284	-183.912826687
66.3083303159	-183.404525904
66.3504750905	-182.928573757
66.3941457438	-182.438217308
66.4411122963	-181.915512233
66.4903676671	-181.370224149
66.5393483803	-180.830063017
66.5907704991	-180.263900904
66.6458242111	-179.661850122
66.69813134	-179.093979027
66.7491109536	-178.54026809
66.8064382249	-177.919296412
66.8652455992	-177.284896998
66.9134175953	-176.761947781
66.9625814116	-176.221054226
67.0053212808	-175.742172389
67.0453298257	-175.287094261
67.0823781654	-174.861557153
67.1227071469	-174.396225124
67.1593892743	-173.968246608
67.1899831465	-173.605819849
67.2250020682	-173.187118677
67.2453878094	-172.80015579
67.2620504069	-172.497543485
67.2777059246	-172.210189967
67.2909658117	-171.962875511
67.3032491372	-171.732406766
67.3078115154	-171.503036649
67.3141744297	-171.276718288
67.320216911	-171.084823756
67.3261373214	-170.895248563
67.3323323906	-170.693588404
67.3333242101	-170.51634231
67.333156364	-170.34812942
67.335094232	-170.190292506
67.3369405443	-170.039901881
67.3386342686	-169.898178247
67.3402822185	-169.755844261
67.3419912038	-169.605697779
67.3437764822	-169.454818875
67.3452565831	-169.322982937
67.3470418606	-169.163803248
67.3489339523	-169.006088406
67.3510549247	-168.83213821
67.3536946945	-168.626327664
67.3563649833	-168.424789577
67.3597982095	-168.181503441
67.3632466946	-167.94944778
67.3675496739	-167.671127466
67.3717916173	-167.40708938
67.3767049469	-167.114975122
67.3826558763	-166.779037626
67.3883016279	-166.471542507
67.395152823	-166.108383324
67.4019887605	-165.757797388
67.4077108082	-165.45286575
67.4132955246	-165.146225123
67.419643181	-164.802230981
67.4258687664	-164.467270042
67.4318349516	-164.148056178
67.4372518228	-163.855087427
67.443263786	-163.517807153
67.4489095366	-163.212265164
67.4542501149	-162.918930202
67.4600484539	-162.598251489
67.4658010166	-162.277694852
67.4730184237	-161.889755398
67.4806478187	-161.483871607
67.4877431553	-161.121322779
67.494594352	-160.781234888
67.5008962326	-160.457016137
67.5065572445	-160.155624539
67.5117757485	-159.864853053
67.5150106126	-159.578109888
67.5006673513	-159.32005325
67.4946248698	-159.064682154
67.4804036778	-158.790268092
67.4703633951	-158.580307155
67.4607198405	-158.365707545
67.44547631	-158.180404813
67.4263265288	-158.007675318
67.4112966225	-157.818832543
67.3863485021	-157.634750513
67.3646962817	-157.459945826
67.3486440348	-157.316391139
67.3277852709	-157.177719266
67.292476432	-157.057357935
67.2703206714	-156.93089309
67.2394063639	-156.810287625
67.201320426	-156.710312036
67.1764333416	-156.605331569
67.1532552408	-156.505355983
67.1077840488	-156.309188991
67.0832021404	-156.20359817
67.0379293142	-156.008773951
67.0142934495	-155.906845237
66.9890859296	-155.798202663
66.9645192788	-155.692489772
66.9344442054	-155.562606961
66.9035909352	-155.435043483
66.8394735031	-155.300766135
66.7995565119	-155.178451683
66.762920159	-155.059311058
66.7297322913	-154.951522976
66.6966054607	-154.843856959
66.6622884439	-154.732284691
66.6230886159	-154.604721216
66.5843618082	-154.478744652
66.5422017728	-154.341171411
66.495967644	-154.190292507
66.4466817545	-154.029037622
66.3928792634	-153.852890162
66.3312490137	-153.650619654
66.2727620781	-153.458358914
66.2102925947	-153.251938011
66.1397054368	-153.019027858
66.0593526538	-152.753280784
65.9620320979	-152.429794459
65.8784749681	-152.151840355
65.7784078301	-151.817855982
65.6896932304	-151.520614771
65.5976522149	-151.211654812
65.5034749686	-150.896225124
65.4129445709	-150.593246608
65.3148763341	-150.264389184
65.2211873703	-149.94920364
65.1182210621	-149.602157741
65.0131185239	-149.247543484
64.9130513847	-148.910263209
64.8161122968	-148.584213405
64.7333028478	-148.307113794
64.6529195482	-148.038681178
64.5682637854	-147.756576686
64.4916036302	-147.502182155
64.4240987478	-147.278549342
64.3619649579	-147.065170438
64.3355977708	-146.853866725
64.3239247975	-146.654892116
64.295421379	-146.466781764
64.2709462803	-146.307357933
64.2458760907	-146.144027856
64.221462028	-145.98545852
64.198604362	-145.83689895
64.1765096341	-145.693466333
64.1540486985	-145.548080591
64.1300618808	-145.393051296
64.1159932774	-145.245346218
64.1226766273	-145.113998562
64.1130178145	-144.983749536
64.1028707207	-144.859359887
64.0926473306	-144.734359891
64.0914571448	-144.602279811
64.0938527756	-144.489486842
64.089458244	-144.383896021
64.0844686212	-144.263778833
64.0795858083	-144.148910669
64.0738179852	-144.013656761
64.0690877599	-143.902084503
64.0634725261	-143.768905787
64.0570333186	-143.61351028
64.0506246266	-143.457748558
64.0437123944	-143.286605981
64.0357473057	-143.085800318
64.0278279959	-142.882553248
64.0186727225	-142.642318872
64.0090902015	-142.385605004
63.9996755292	-142.128036646
63.9881551426	-141.806259304
63.9781453767	-141.517929224
63.9666555105	-141.182113792
63.9558370295	-140.860946804
63.9451558747	-140.535263209
63.9331777273	-140.163314965
63.921825188	-139.804428248
63.9078939145	-139.34922805
63.8949849768	-138.916610867
63.8813741385	-138.451278835
63.8696859061	-138.03965774
63.8571584397	-137.591049341
63.8558309262	-137.103012234
63.8678090738	-136.60948196
63.8774678885	-136.153793483
63.8881795577	-135.682724148
63.9024923026	-135.074813989
63.9168050464	-134.481186062
63.9305226969	-133.922958523
63.9406087557	-133.355819851
63.9396321943	-132.826522972
63.9400594396	-132.294174341
63.9403951344	-131.718002466
63.9409749677	-131.174301295
63.9417684235	-130.625717307
63.942806023	-130.061874538
63.9441793136	-129.412460473
63.9456288986	-128.834457542
63.9475057286	-128.162582546
63.9495351489	-127.490341335
63.9511983558	-126.918441919
63.9522359536	-126.369980006
63.952617424	-125.844955593
63.9522359539	-125.288314967
63.9514730141	-124.735824733
63.9509694759	-124.137313988
63.9508168872	-123.541855005
63.9508626641	-122.972641139
63.9511678373	-122.413192897
63.9518087086	-121.818222192
63.9526326836	-121.269272
63.9536245045	-120.709701686
63.954829948	-120.144760278
63.9563253099	-119.565414578
63.9580342935	-118.957748558
63.9598043142	-118.32835403
63.9618184739	-117.650375514
63.9640767743	-117.022934105
63.9665029225	-116.328231961
63.9687459641	-115.695297389
63.9712484056	-115.080429228
63.9744222338	-114.428817898
63.9772908849	-113.801742699
63.9799306565	-113.158676295
63.9826467213	-112.537948758
63.9856832191	-111.91062942
63.9888112713	-111.266098169
63.9920613937	-110.619857935
63.9951436674	-109.991562036
63.9983785331	-109.291488795
64.0014302889	-108.668563991
64.0052449859	-107.9456636
64.0085408851	-107.302108912
64.0119893731	-106.599594263
64.0152547543	-105.940170438
64.0184133232	-105.316879418
64.0215566335	-104.688339381
64.0248220146	-104.056259304
64.0279805829	-103.432602079
64.0317189866	-102.716293482
64.0351369556	-102.056747586
64.0384481114	-101.412582547
64.0418050456	-100.767563014
64.0385091475	-100.139511256
64.0177571946	-99.4977876223
63.9956929839	-98.8598481682
63.9715993561	-98.2206880124
63.9445455237	-97.507064967
63.9081075368	-96.8504487565
63.8382833165	-96.2221528585
63.7598378835	-95.5580903548
63.6529958411	-94.9418794219
63.5298268973	-94.3364106701
63.392406242	-93.7551118424
63.2029073408	-93.1989594982
62.9743611991	-92.6386567657
62.7087056787	-92.0516206301
62.3807790453	-91.4841157487
62.0826680836	-90.9929048098
61.7453878094	-90.4573823502
61.3947408386	-89.9720307854
61.0088002863	-89.5234223912
60.6146505051	-89.0785981701
60.1488912276	-88.5685884058
59.7402303391	-88.1232759035
59.293117302	-87.6359712193
58.7873799959	-87.1452485602
58.2976033862	-86.7081147702
57.8268697427	-86.2993012918
57.4172017738	-85.9479829352
57.0234334624	-85.6114350846
56.5577352231	-85.2643891824
56.1045339268	-85.0208589113
55.6182058037	-84.8417817648
55.1892659843	-84.6948091094
54.7351491622	-84.5513764895
54.3364370039	-84.4273530543
53.963763968	-84.311996608
53.595546502	-84.2109223898
53.2314794228	-84.1685639885
52.8582189267	-84.1347505134
52.510326164	-84.0986177009
52.1778981859	-84.0650483659
51.8781163851	-84.0350190685
51.52902581	-84.000229029
51.2628514933	-83.9741059826
50.9846837685	-83.9467622335
50.7092168498	-83.9208833268
50.4405553507	-83.9284516876
50.1465261147	-83.932724149
49.9013402631	-83.9322358663
49.6610219662	-83.9322358659
49.393268364	-83.9323579338
49.1216390308	-83.9323579352
48.8460805578	-83.9321137965
48.5639913246	-83.9316255138
48.2639272369	-83.9308930924
47.9859349902	-83.9305268782
47.6839559266	-83.9299165281
47.3595464407	-83.9286958263
47.0167882603	-83.9274751223
46.6629445719	-83.9262544196
46.3105504691	-83.9243012946
45.9347417521	-83.9225923093
45.5917241734	-83.921127466
45.1859853439	-83.9190522721
44.8309896172	-83.9170991476
44.4529149705	-83.9151460216
44.1174199753	-83.9138032496
43.8282582931	-83.9238130152
43.5364644683	-83.9819184826
43.3069341338	-84.0652925046
43.0943105402	-84.1756440694
42.8726918873	-84.3277436779
42.6803395915	-84.497543483
42.4884374303	-84.6877290308
42.2673986132	-84.8771821526
42.0367849052	-85.0727387937
41.7874715499	-85.2842866462
41.543552178	-85.4909516894
41.2870900795	-85.7079927009
41.0233037646	-85.9308930938
40.73529412	-86.1547700441
40.427409904	-86.3301850855
40.0812261262	-86.5342866438
39.7556798622	-86.7276460207
39.4093969041	-86.9162446507
39.0366323176	-87.0496675069
38.6574819253	-87.1468354738
38.2268941561	-87.2641450451
37.8386571581	-87.3271333254
37.408275384	-87.3993989513
36.989513176	-87.4693452399
36.5649831481	-87.5091401609
36.131732719	-87.5484468043
35.7153814017	-87.5860444577
35.322627799	-87.6205903566
34.9570653609	-87.6319428952
34.6398122465	-87.6463471926
34.3315618225	-87.6589204348
34.0233113923	-87.6520844996
33.7577626879	-87.6530610616
33.5106313388	-87.6544038313
33.2662923515	-87.655746609
33.0389592823	-87.6569673107
32.8206746751	-87.6581880143
32.5909841224	-87.6600190657
32.3608663263	-87.6619721949
32.1189687416	-87.6638032454
31.8654515905	-87.6652680901
31.507167596	-87.6669770759
31.2216985408	-87.6680757087
30.8980443634	-87.6694184826
30.559222953	-87.6705171145
30.2185475992	-87.6711274674
29.7685582797	-87.6717378167
29.3681752847	-87.6721040285
28.9669301672	-87.6719819605
28.5508840256	-87.6718598846
28.1311147365	-87.6711274646
27.7000158008	-87.6703950446
27.2638280568	-87.6691743406
26.8081395807	-87.6689302004
26.2592961959	-87.673324734
25.7537801438	-87.6757661407
25.2251317663	-87.6784516843
24.706577079	-87.680893092
24.1739614176	-87.6832124265
23.6422155076	-87.685043484
23.0903051085	-87.6867524683
22.5224263842	-87.6883393805
21.9381520927	-87.6896821521
21.3874242484	-87.6907807849
20.8127019567	-87.6916352781
20.1194341348	-87.6927339123
19.532161493	-87.693344262
18.9424779576	-87.6934663337
18.3477590255	-87.6937104734
17.7175405209	-87.6940766848
17.1102712336	-87.6943208235
16.4904897393	-87.6940766871
15.8380086594	-87.6948091076
15.1393239668	-87.695297386
14.4457051907	-87.6944428976
13.8022115403	-87.6941987583
13.0918538739	-87.693832546
12.4349324885	-87.6923676981
11.8092153245	-87.6896821517
11.1543386143	-87.6868745359
10.5143544836	-87.6845552041
9.87789513252	-87.6824800018
9.2349050208	-87.6805268805
8.47034813615	-87.6784516857
7.83008934843	-87.677230983
7.21082665236	-87.6757661388
6.53618981095	-87.6740571526
5.81394554814	-87.674057154
5.20104576787	-87.7114106719
4.47770287324	-87.8307954343
3.77708031435	-87.9754487546
3.09717919026	-88.1806489504
2.5189931576	-88.3737641834
1.94926049083	-88.5727387951
1.38407494331	-88.7972261016
0.761150138336	-89.0583345001
0.209758537007	-89.333236841
-0.297245245834	-89.6646577418
-0.754108651192	-90.0712739485
-1.1032755209	-90.4996186793
-1.41893408849	-91.0724946572
-1.60824988503	-91.5945893833
-1.78485510952	-92.1718598879
-1.92824195285	-92.7053071554
-2.0750772772	-93.2656098902
-2.22046301921	-93.8481294191
-2.30963538284	-94.4294282477
-2.36613868049	-94.9864350855
-2.42049048608	-95.6107026637
-2.46121619421	-96.1806489504
-2.46454261098	-96.7648774674
-2.46239112073	-97.3444673107
-2.45401404583	-97.9955903557
-2.44537757075	-98.6002046159
-2.4368784267	-99.2048188709
-2.42859290296	-99.8038178957
-2.41966651101	-100.465805202
-2.41070960124	-101.150131374
-2.40283606621	-101.769271998
-2.3946268381	-102.419174342
-2.38606665796	-103.103866725
-2.37817786436	-103.743759304
-2.37021277717	-104.394516138
-2.36139319622	-105.110702659
-2.35326026176	-105.763534693
-2.3453867276	-106.391098171
-2.3363687821	-107.102157743
-2.32828162587	-107.742416529
-2.3201334289	-108.382797387
-2.31108496839	-109.088119653
-2.30238745839	-109.779403835
-2.29431555851	-110.429184105
-2.28606055473	-111.080795435
-2.27786658402	-111.7236177
-2.27002356789	-112.346176295
-2.26210425585	-112.978134306
-2.25410865003	-113.611435081
-2.24510596634	-114.325424342
-2.23732398264	-114.955551292
-2.22839759139	-115.678085472
-2.22031043307	-116.315658717
-2.21136878198	-117.017440943
-2.202732309	-117.706039575
-2.19484351366	-118.331283716
-2.18635962636	-119.000961449
-2.17677710834	-119.757309109
-2.16818640835	-120.419662623
-2.15953467507	-121.067611843
-2.15083716653	-121.735580592
-2.14311621775	-122.357162622
-2.13466285029	-123.016830592
-2.12584326963	-123.68504348
-2.11695502407	-124.373520047
-2.1089823083	-124.993026879
-2.10075782158	-125.640365748
-2.09285376803	-126.267563013
-2.08479712717	-126.90269485
-2.07651923399	-127.550766137
-2.06676886708	-128.323105007
-2.05860541627	-128.977646021
-2.05032752152	-129.64488235
-2.04182837519	-130.333480982
-2.03286383778	-131.052841335
-2.02390692837	-131.774643091
-2.01575110538	-132.437606956
-2.00784705428	-133.077377466
-1.99994300026	-133.711288599
-1.99192450661	-134.351059106
-1.98383734957	-135.004745627
-1.97598670202	-135.642196803
-1.96712134627	-136.354721216
-1.95871375094	-137.031234891
-1.95113013557	-137.661117701
-1.94343207683	-138.29966751
-1.93522284727	-138.966049341
-1.92744086561	-139.602768094
-1.91866706079	-140.324936062
-1.90991614538	-141.048080591
-1.9017374356	-141.753402855
-1.89442084474	-142.387680203
-1.88696692651	-143.026840358
-1.88003943791	-143.669174344
-1.87337134581	-144.364364771
-1.86610816163	-144.993637234
-1.85664771195	-145.681381374
-1.84702704742	-146.390121608
-1.83933661634	-147.010727077
-1.83103583497	-147.677108909
-1.82246802538	-148.359359889
-1.81493018341	-148.990341334
-1.80633185536	-149.687484889
-1.79817603226	-150.311264186
-1.78755591664	-151.093979026
-1.77724860329	-151.780258322
-1.76768134232	-152.431015162
-1.75886176137	-153.068222192
-1.74985144817	-153.755355981
-1.74183295434	-154.446273954
-1.73407385964	-155.085678248
-1.72572730324	-155.714584498
-1.71709082893	-156.374496607
-1.70875190035	-157.002914577
-1.70029853092	-157.630600126
-1.69115088705	-158.339828638
-1.68204902048	-159.058334501
-1.67265723395	-159.78233352
-1.66424201301	-160.438705591
-1.65649054805	-161.05918899
-1.64854071895	-161.683822779
-1.6405145952	-162.305648953
-1.63191626722	-162.987899928
-1.62333319813	-163.698471216
-1.61570380488	-164.332260278
-1.60749457497	-164.980941918
-1.59837744816	-165.702377471
-1.59041998966	-166.345077664
-1.58260749257	-166.979599148
-1.57429908204	-167.60508743
-1.56533454108	-168.303207545
-1.55820868711	-168.939438014
-1.55111335171	-169.576645046
-1.54330847913	-170.23155227
-1.53511451086	-170.927841334
-1.52782080974	-171.582016143
-1.51968787459	-172.203109891
-1.50994513714	-172.840072779
-1.50103400426	-173.469955592
-1.49335883436	-174.109359889
-1.48557685071	-174.742782738
-1.47603247833	-175.428573756
-1.46662543353	-176.054794459
-1.45801947889	-176.687362818
-1.45412848738	-177.302841333
-1.4487879122	-178.009140162
-1.44454596785	-178.646713406
-1.44157050364	-179.264511257
-1.43922827934	-179.948105005
-1.43703101226	-180.572372584
-1.43448279536	-181.227157739
-1.43190405995	-181.919052273
-1.43006537785	-182.563705592
-1.42834113358	-183.223373562
-1.42638037901	-183.845688013
-1.42422888963	-184.467880397
-1.42126868421	-185.166610866
-1.4184763268	-185.795272976
-1.41586707334	-186.425277859
-1.41362403106	-187.080063014
-1.41177008837	-187.753769067
-1.41057227226	-188.376815942
-1.40924475784	-188.995834496
-1.4067575754	-189.749984885
-1.40361426596	-190.537582545
-1.40115760069	-191.143661645
-1.39819739561	-191.769394069
-1.39429877675	-192.349472193
-1.38988135546	-192.874252467
-1.38493750768	-193.400985863
-1.37941382709	-194.008773949
-1.37163947348	-194.516342313
-1.31396125164	-195.003402858
-1.25000403717	-195.451156761
-1.1876947725	-195.883041528
-1.12579749362	-196.30467239
-1.06853888673	-196.689804224
-1.01458380988	-197.050766139
-0.949497445254	-197.488266137
-0.884632331086	-197.926376489
-0.826198798721	-198.323349147
-0.759105903155	-198.781479027
-0.695430975873	-199.218002467
-0.614322883659	-199.670883326
-0.539196235244	-200.112655787
-0.453350289084	-200.616439971
-0.332905037911	-201.129501489
-0.168110115628	-201.551986842
0.00475670496235	-201.980209495
0.186702505802	-202.423080592
0.368266838719	-202.862167506
0.563655631267	-203.331527857
0.782703178877	-203.764511256
1.07053734461	-204.313461451
1.31041314034	-204.75523391
1.57640435116	-205.184921411
1.86398674804	-205.637313992
2.21522118343	-206.087997584
2.52616478642	-206.48118606
2.85331322334	-206.89024368
3.22317864164	-207.34129348
3.58365990489	-207.701156761
3.96390892821	-208.039413601
4.39741875452	-208.419540551
4.79791618965	-208.764877466
5.23253228085	-209.122909693
5.71300102916	-209.436264187
6.17393852957	-209.702743675
6.65314080054	-209.968734891
7.15082146414	-210.191391141
7.72395684081	-210.359604029
8.25519158173	-210.494613794
8.7888906158	-210.617660671
9.32660271355	-210.737533715
9.95001580124	-210.875351102
10.5070913007	-210.998275904
11.1505925813	-211.141098171
11.7782552422	-211.280868677
12.3855321566	-211.415756374
12.9675176318	-211.522812033
13.5501363442	-211.628769069
14.2074697175	-211.745834498
14.8327214896	-211.843002464
15.5550725625	-211.890609889
16.2180516882	-211.919906767
16.8255422295	-211.936508329
17.4400899581	-211.953842311
18.0478856742	-211.973129421
18.7159307177	-211.994125512
19.4927175221	-212.018539577
20.1475789735	-212.035385277
20.7584188164	-212.049545436
21.5122029947	-212.071151878
22.1441610028	-212.092514185
22.7617910065	-212.112899927
23.3982045811	-212.132797391
24.0544393226	-212.151718288
24.6761129069	-212.17002883
25.3170736019	-212.189926294
26.0236470862	-212.211898953
26.6755025556	-212.23045364
27.376666801	-212.25120559
28.0534551321	-212.271713402
28.8230245274	-212.270614772
29.5700643243	-212.264633327
30.2764012983	-212.255600123
30.9317891774	-212.247543481
31.6417653727	-212.239242703
32.3014943765	-212.231674341
32.9721028976	-212.223983914
33.6464193028	-212.216537621
34.3625905669	-212.208236841
35.0025823272	-212.199447778
35.686702507	-212.187729028
36.3291433029	-212.177841333
36.9654500649	-212.170761257
37.632472771	-212.164779809
38.2808187173	-212.157943874
38.9939153362	-212.14964309
39.665469903	-212.142196801
40.2934529942	-212.135238796
40.930095452	-212.128646996
41.6156499555	-212.121078639
42.2526052179	-212.113510279
43.0034825958	-212.105209497
43.6669423738	-212.103622586
44.299068229	-212.109970243
44.9620931326	-212.117904813
45.7628286061	-212.128036649
46.5607869809	-212.155380399
47.2466848076	-212.253646999
47.8415639568	-212.421127466
48.407100456	-212.611435085
49.0337712939	-212.845688013
49.5874059368	-213.070907739
50.1381948167	-213.35618606
50.658283014	-213.653549337
51.1939885789	-213.984115751
51.6686971352	-214.347030789
52.1983831092	-214.790756371
52.6362874681	-215.180771022
53.0549199756	-215.634262234
53.4239690484	-216.076522973
53.8798101123	-216.655136256
54.2498510051	-217.259018091
54.5282552409	-217.785019071
54.7704427408	-218.323715358
54.974483268	-218.914291528
55.1498983079	-219.441879416
55.3331105885	-220.022689965
55.4814412761	-220.626693872
55.6045797046	-221.242660671
55.7040364909	-221.787826686
55.7646749194	-222.33311477
55.8281209636	-222.964096216
55.8860738456	-223.590072779
55.937328117	-224.15684524
55.9907491379	-224.749008327
56.0223195727	-225.409652858
56.0047261889	-225.976425318
55.9797780693	-226.578354027
55.9470632245	-227.171859893
55.9028890299	-227.923813014
55.8632466969	-228.570419459
55.8252828281	-229.190048366
55.7881581937	-229.800766137
55.7692525552	-230.488632349
55.7556722328	-231.161850126
55.7452962582	-231.795395046
55.7335927641	-232.451889188
55.6970021884	-233.060653836
55.642085809	-233.659897001
55.5792653729	-234.274398949
55.5057332682	-234.940414577
55.4380147616	-235.564193871
55.3714864418	-236.193588401
55.3052327815	-236.816635278
55.2298085853	-237.521347193
55.1602437672	-238.175155788
55.0905110998	-238.827987819
55.0160634688	-239.528793481
54.9403340977	-240.14451614
54.8299215012	-240.748275907
54.714839712	-241.356308132
54.5793416668	-242.035629419
54.4276235258	-242.792587426
54.2931707079	-243.465927272
54.1721379929	-244.072250516
54.0476949385	-244.697860864
53.9268911045	-245.307724148
53.7929494552	-245.980819848
53.6660268473	-246.616439967
53.5376775427	-247.259018092
53.4066121751	-247.909042504
53.2732503592	-248.56700149
53.1502339999	-249.178817898
53.0214193051	-249.825424344
52.8996083894	-250.436630395
52.737109917	-251.249252467
52.5979039839	-251.911239772
52.4179494539	-252.606918485
52.2590749421	-253.205429227
52.0778844528	-253.8720552
51.9121740039	-254.481918485
51.7496221218	-255.082260282
51.5535466836	-255.684799341
51.3228871984	-256.330063014
51.1077840501	-256.914291528
50.8908803629	-257.495834496
50.6754262617	-258.072128444
50.457011956	-258.664779813
50.2414052655	-259.250961454
50.0195272124	-259.849105983
49.7675435693	-260.52427688
49.5297353446	-261.162826687
49.2994268109	-261.782089381
49.0503881153	-262.452133325
48.8092763586	-263.101181178
48.5723531416	-263.73948684
48.339145438	-264.367294461
48.1127965613	-264.974472196
47.8895909942	-265.572250515
47.670978325	-266.159408718
47.456752557	-266.740341332
47.2136266392	-267.404037623
46.9938619316	-267.997421413
46.7692144085	-268.593368681
46.5296743086	-269.191146994
46.2652166045	-269.854477077
46.0302388839	-270.439682155
45.7969854046	-271.017929224
45.5581929847	-271.608993679
45.3029210726	-272.245834499
45.068576592	-272.832504421
44.837962882	-273.405502468
44.5745275189	-274.060653832
44.3431585022	-274.638046411
44.09859826	-275.225692898
43.852977532	-275.798080591
43.6122167292	-276.357772977
43.3594930327	-276.946762232
43.1053273847	-277.536239774
42.8218190838	-278.191757353
42.5744893725	-278.770126488
42.3316838903	-279.340316923
42.0863683401	-279.914779812
41.8310430225	-280.478134302
41.5726735758	-281.046127467
41.3090398471	-281.620956569
41.0439870526	-282.196518091
40.7483632747	-282.837387233
40.4779546435	-283.423446803
40.2107198403	-284.003646998
39.9097020808	-284.657455592
39.585040825	-285.362655788
39.3104207682	-285.956527858
39.0089681328	-286.554916529
38.6897695242	-287.182846214
38.397899408	-287.750106958
38.1070592571	-288.314682156
37.7757604283	-288.958114774
37.4838750515	-289.525009304
37.1745565113	-290.125229029
36.8898885417	-290.677475125
36.5671727824	-291.304306177
36.2763021154	-291.868881373
35.9892232582	-292.426010278
35.705508963	-292.97727981
35.386615531	-293.596786647
35.0817525566	-294.188461449
34.7869451218	-294.760849149
34.4672353427	-295.381698758
34.1782338803	-295.942489772
33.8946035072	-296.492660668
33.6017339398	-297.061020045
33.2771489776	-297.690658718
32.9909627599	-298.245590356
32.6761205359	-298.856186061
32.3624761275	-299.464462425
32.0639684378	-300.04344192
31.7670629188	-300.619980005
31.452693718	-301.23057571
31.1381719267	-301.84117141
30.7741353678	-302.547104032
30.441791313	-303.192489771
30.1494481727	-303.760605002
29.8207814869	-304.398788602
29.5281026546	-304.967270047
29.2133443536	-305.579330592
28.9206655207	-306.148300316
28.5892141037	-306.743026881
28.2872960743	-307.277816921
27.9670827544	-307.838485865
27.6566503217	-308.381332545
27.347148673	-308.923080593
27.0089757616	-309.514267115
26.6796529456	-310.08970657
26.3440282508	-310.676498561
26.0316808404	-311.222763209
25.7082173984	-311.789169457
25.3873250657	-312.351303247
25.0576360396	-312.928939966
24.7110250178	-313.536117699
24.388377923	-314.115341331
24.0746038144	-314.714096216
23.762202996	-315.315902859
23.4796712568	-315.864608909
23.1965444242	-316.413681176
22.9128301307	-316.962875513
22.5967900927	-317.574936063
22.2948033987	-318.159530787
21.9949987096	-318.739486842
21.6719777758	-319.364730983
21.332744375	-320.021469262
21.015125052	-320.635971218
20.7099416422	-321.226669458
20.3709676426	-321.882919461
20.0488469785	-322.505722194
19.7642705615	-323.056381371
19.4762151422	-323.615097194
19.1577031784	-324.233871607
18.8538167644	-324.823349149
18.5274160094	-325.455917506
18.2393605879	-326.014389185
17.9115560231	-326.650375515
17.6197011641	-327.216049339
17.3313405692	-327.77427688
16.981509941	-328.499008323
16.7256200491	-329.098251492
16.4794347443	-329.6878511
16.2413289708	-330.267929225
16.0091359776	-330.834945828
15.7274434728	-331.522567893
15.4386785196	-332.227279809
15.1907613454	-332.832504421
14.9413335483	-333.441391137
14.6544225398	-334.1409761
14.404697196	-334.749618675
14.1657521909	-335.332260276
13.89180352	-335.999496608
13.6300008469	-336.637191921
13.3946721713	-337.210678247
13.1511266399	-337.804306177
12.9133489301	-338.383896021
12.6615178739	-338.997421412
12.4249990155	-339.574447778
12.1623189606	-340.15293899
11.8995855015	-340.707504419
11.5849721589	-341.357772973
11.27687432	-341.990707546
10.9915883699	-342.576156765
10.6815679244	-343.211044462
10.402034539	-343.782943872
10.1133001023	-344.373275904
9.80090691394	-345.01206985
9.51890923135	-345.588852078
9.24364830664	-346.151718285
8.96303917561	-346.720077662
8.63788201194	-347.348251489
8.35352684825	-347.896957544
8.05772759148	-348.465194852
7.76596428687	-349.025497586
7.47932793316	-349.576767115
7.18168999418	-350.132919461
6.82626702008	-350.75730911
6.51268364623	-351.304916531
6.15839745116	-351.920150907
5.82693840784	-352.495224145
5.49516655796	-353.071273949
5.18487145344	-353.610458521
4.87584282749	-354.147445827
4.51257683546	-354.777816921
4.19895531447	-355.32102981
3.85189415736	-355.921371606
3.5104863813	-356.51182571
3.19289757451	-357.060165551
2.87446190568	-357.610824732
2.52315117756	-358.218490747
2.19131066115	-358.791977079
1.8604543375	-359.363388207
1.54261376249	-359.913925318
1.22191979096	-360.470199732
0.907329338894	-361.01609817
0.548564688943	-361.639511258
0.175960319582	-362.286605983
-0.163425668492	-362.875717312
-0.484089119476	-363.431991723
-0.79990027647	-363.979477078
-1.12517188257	-364.543808133
-1.43848059874	-365.087631373
-1.75751899008	-365.641830593
-2.11519263586	-366.264633327
-2.43566535157	-366.823227078
-2.79761145875	-367.4534761
-3.12694190233	-368.024887237
-3.4378549878	-368.564315944
-3.7961084671	-369.185775904
-4.10615943285	-369.723861841
-4.48988745885	-370.390121608
-4.83127997536	-371.00096145
-5.13846991805	-371.561508328
-5.44868872687	-372.130722194
-5.79501746304	-372.767074732
-6.0997049638	-373.326278834
-6.41952918214	-373.912826687
-6.72369788226	-374.470565944
-7.05985663499	-375.0875093
-7.3720590896	-375.660995631
-7.68230841868	-376.230941919
-8.02795050922	-376.866073756
-8.32810614922	-377.417709496
-8.64659522334	-378.002914575
-8.95770667319	-378.574691921
-9.25440238218	-379.119980006
-9.59357855946	-379.743637233
-9.90496848308	-380.316269072
-10.2228281335	-380.900863793
-10.5349390341	-381.474716336
-10.9190294559	-382.180648951
-11.220627052	-382.734848167
-11.5306932761	-383.304550317
-11.8408739389	-383.874496608
-12.1470682459	-384.437118677
-12.4646799397	-385.020858911
-12.7750665976	-385.591659695
-13.125793678	-386.236801293
-13.4642984679	-386.85984817
-13.7763712231	-387.434799344
-14.1145784679	-388.057113795
-14.4146807024	-388.609115746
-14.7121164621	-389.156234888
-15.0197641676	-389.722274931
-15.368938667	-390.364242701
-15.7164461444	-391.002914575
-16.0535738302	-391.62181106
-16.3763048489	-392.214584501
-16.6789743728	-392.770614769
-16.9858171771	-393.333969264
-17.2993700329	-393.909897001
-17.6127245261	-394.485336449
-17.9479715666	-395.101181176
-18.2846300434	-395.719223167
-18.6096155462	-396.315902857
-18.9413454358	-396.925033719
-19.2386133495	-397.470932153
-19.5531122504	-398.048324734
-19.8773004844	-398.64353958
-20.2062074969	-399.247421409
-20.5394327485	-399.859115749
-20.842617257	-400.415756373
-21.1496088327	-400.978988794
-21.4774973232	-401.573227076
-21.790413126	-402.118515162
-22.1239702534	-402.698227076
-22.4606096574	-403.281356963
-22.7778055496	-403.830551292
-23.1042902298	-404.395248558
-23.4174921337	-404.937118676
-23.7795603102	-405.563339382
-24.1089250867	-406.133041529
-24.4408113794	-406.707138207
-24.7764513323	-407.288192896
-25.0955164268	-407.840805202
-25.4100229584	-408.385727075
-25.7455332108	-408.966903832
-26.0705225307	-409.530258326
-26.3937074955	-410.091049342
-26.7327654209	-410.678939968
-27.0933840104	-411.303939967
-27.4188844984	-411.868515163
-27.7281381905	-412.405258325
-28.0618860559	-412.98448196
-28.3924829788	-413.558456568
-28.7175981826	-414.122543479
-29.0694620425	-414.732772976
-29.4369547187	-415.370346216
-29.746303779	-415.907089378
-30.0679056492	-416.465316917
-30.3988306358	-417.039047386
-30.7184221566	-417.593002466
-31.0699999167	-418.202865748
-31.4012567818	-418.777938991
-31.7301180206	-419.348373561
-32.0838053073	-419.961776882
-32.4277880018	-420.558456566
-32.7510912244	-421.118759301
-33.0860559762	-421.699081567
-33.4117319424	-422.262924341
-33.8134424506	-422.958847195
-34.1528589554	-423.546371609
-34.4782984091	-424.109359887
-34.871269448	-424.789169461
-35.1828615487	-425.32859817
-35.5467951127	-425.958114771
-35.8643228852	-426.507064966
-36.1990434958	-427.086288601
-36.5611650768	-427.712997584
-36.919082862	-428.332382349
-37.254963144	-428.914047386
-37.5707895589	-429.46092239
-37.8829195338	-430.043075707
-38.1799204177	-430.604477078
-38.4819376287	-431.181137231
-38.7698786093	-431.732528836
-39.0666544283	-432.30149856
-39.3649675666	-432.874252466
-39.6557123484	-433.419784694
-39.9842188189	-434.029281762
-40.2832681959	-434.585678247
-40.5834123918	-435.151107935
-40.8816149065	-435.714584497
-41.2057115862	-436.322738796
-41.5208875976	-436.91343704
-41.8162062007	-437.468490749
-42.1470053031	-438.091415552
-42.4512884434	-438.662338404
-42.8023969961	-439.256576683
-43.1342623069	-439.804184109
-43.4575178449	-440.328476098
-43.8260767299	-440.923935088
-44.1815798109	-441.516586452
-44.5094301525	-442.071884303
-44.8266393972	-442.612045432
-45.1447565373	-443.153671413
-45.5083467797	-443.771713404
-45.8476946172	-444.347885278
-46.1617891626	-444.881210474
-46.497770532	-445.451889186
-46.843345864	-446.056259303
-47.1846124945	-446.663559109
-47.5538904495	-447.325424341
-47.8687288589	-447.890243681
-48.2110063857	-448.503646996
-48.5472891161	-449.10704055
-48.8668482148	-449.682357939
-49.1957323394	-450.275009303
-49.5018198331	-450.826645046
-49.8184664081	-451.397445826
-50.1553766563	-452.005233914
-50.4748079615	-452.580917508
-50.8225843749	-453.207382349
-51.136387094	-453.772689968
-51.4489195182	-454.335312041
-51.7865011521	-454.942978053
-52.1347048109	-455.569687039
-52.4527265858	-456.142074733
-52.7629263226	-456.699691917
-53.0969621965	-457.299545435
-53.4411508868	-457.918197776
-53.7418234181	-458.459213405
-54.0799009634	-459.067367701
-54.3872892678	-459.619980007
-54.7414133393	-460.256332546
-55.045070869	-460.80149856
-55.3790209137	-461.401596216
-55.7081644359	-461.993393095
-56.0583517384	-462.623031765
-56.3741552667	-463.191024929
-56.6870729764	-463.754745631
-57.0359384838	-464.383896024
-57.3631708461	-464.974228054
-57.6812155079	-465.54698196
-57.9873459169	-466.098251493
-58.3366987538	-466.727890162
-58.6521341645	-467.295761254
-59.0083734822	-467.937729031
-59.3097822507	-468.480209499
-59.615267023	-469.029281761
-59.9552185371	-469.641098169
-60.2743589719	-470.216049343
-60.5874798113	-470.780136257
-60.94271682	-471.419540552
-61.2525789564	-471.976913601
-61.573634371	-472.554184109
-61.8857214281	-473.115951684
-62.2310974415	-473.738021997
-62.555746301	-474.322494657
-62.9011995617	-474.944198752
-63.2340357128	-475.543441921
-63.5764925321	-476.160019066
-63.8931257563	-476.730941921
-64.1960108111	-477.277328642
-64.5368950211	-477.890243678
-64.8607322989	-478.472396999
-65.1932871165	-479.071029813
-65.5003044434	-479.623764185
-65.8502156552	-480.253891137
-66.1989772162	-480.882675319
-66.5431363406	-481.503158719
-66.853351815	-482.061874536
-67.2143919303	-482.712509302
-67.5505115822	-483.31626907
-67.9010717703	-483.946029812
-68.2375881491	-484.552108913
-68.5416109381	-485.099228054
-68.8470938034	-485.648422392
-69.2243425673	-486.326645043
-69.5380422904	-486.890976102
-69.8732130353	-487.494247581
-70.1921064684	-488.068100123
-70.5456011138	-488.704086453
-70.8629305183	-489.27439895
-71.2320663743	-489.937973169
-71.5338365866	-490.4814302
-71.8571283647	-491.063461452
-72.1620514229	-491.611801297
-72.5226929028	-492.259750512
-72.8501760801	-492.84825149
-73.1536686253	-493.394516137
-73.4320633227	-493.895004419
-73.672762138	-494.326400904
-73.8809416136	-494.698593285
-74.0309469539	-494.965683131
-74.1133520445	-495.111557155
-74.1654875119	-495.203720238
-74.2174742045	-495.29698196
-74.2967092817	-495.438217308
-74.4083454438	-495.635727076
-74.4731790852	-495.75010696
-74.5566427533	-495.897323754
-74.6393921212	-496.043441922
-74.7299740141	-496.202987816
-74.824718697	-496.369735865
-74.9394562085	-496.571029811
-75.0481407475	-496.761581568
-75.1751310651	-496.983993677
-75.3102629027	-497.219955591
-75.4645483315	-497.488876488
-75.6074335397	-497.737533716
-75.7808306044	-498.038192896
-75.9552633598	-498.339828639
-76.1459657971	-498.669662623
-76.3449747383	-499.011093287
-76.5550978	-499.371444848
-76.7451708142	-499.696640164
-76.969217521	-500.07456985
-77.1938650447	-500.451645046
-77.4274618467	-500.845932154
-77.647058709	-501.221298369
-77.8978922188	-501.656967307
-78.1619837123	-502.111923366
-78.4137346571	-502.539901882
-78.6613256778	-502.959091332
-78.9449636769	-503.444076686
-79.1986086196	-503.876083519
-79.4670812907	-504.333969264
-79.7433855369	-504.80003372
-80.0112802811	-505.254745632
-80.2886164033	-505.721298365
-80.5865480744	-506.21983352
-80.8780805896	-506.708725121
-81.2462675404	-507.335800317
-81.5724222509	-507.888046412
-81.9332201326	-508.493271023
-82.2516233763	-509.03465286
-82.560371621	-509.559555202
-82.9084513001	-510.14500442
-83.2467481929	-510.713119657
-83.5768053346	-511.266830591
-83.8949568096	-511.799911646
-84.2100202874	-512.327499537
-84.5464174592	-512.891220241
-84.8625376058	-513.420395045
-85.1816007915	-513.956039578
-85.5024187402	-514.494125513
-85.849266274	-515.075302273
-86.2178575813	-515.691269069
-86.525652153	-516.204086449
-86.8179437962	-516.690536648
-87.0574838952	-517.087265163
-87.2520735103	-517.406967311
-87.4090921702	-517.661239769
-87.5084574059	-517.818588402
