302494.4848 4123760.006
302494.4862 4123759.957
302494.4876 4123759.907
302494.489 4123759.858
302494.4904 4123759.807
302494.4918 4123759.756
302494.4931 4123759.707
302494.4944 4123759.657
302494.4958 4123759.607
302494.4971 4123759.557
302494.4984 4123759.506
302494.4997 4123759.457
302494.501 4123759.407
302494.5023 4123759.357
302494.5035 4123759.307
302494.5048 4123759.257
302494.5061 4123759.206
302494.5074 4123759.156
302494.5087 4123759.106
302494.5099 4123759.056
302494.5112 4123759.006
302494.5125 4123758.957
302494.5138 4123758.906
302494.515 4123758.856
302494.5163 4123758.806
302494.5176 4123758.756
302494.5189 4123758.706
302494.5202 4123758.656
302494.5216 4123758.606
302494.5229 4123758.556
302494.5243 4123758.506
302494.5256 4123758.456
302494.527 4123758.406
302494.5284 4123758.355
302494.5298 4123758.305
302494.5313 4123758.255
302494.5327 4123758.206
302494.5342 4123758.156
302494.5357 4123758.105
302494.5373 4123758.055
302494.5388 4123758.005
302494.5404 4123757.956
302494.5421 4123757.906
302494.5438 4123757.855
302494.5456 4123757.804
302494.5473 4123757.756
302494.5492 4123757.706
302494.5512 4123757.654
302494.5532 4123757.604
302494.5571 4123757.527
302494.5095 4123757.525
302494.4614 4123757.523
302494.4127 4123757.521
302494.3634 4123757.519
302494.3137 4123757.517
302494.2635 4123757.515
302494.2127 4123757.512
302494.1616 4123757.51
302494.11 4123757.508
302494.0579 4123757.506
302494.009 4123757.503
302493.9602 4123757.501
302493.9111 4123757.499
302493.8616 4123757.497
302493.8119 4123757.495
302493.7619 4123757.493
302493.7117 4123757.49
302493.6612 4123757.488
302493.6104 4123757.486
302493.5594 4123757.484
302493.5083 4123757.481
302493.4588 4123757.479
302493.4094 4123757.477
302493.3598 4123757.475
302493.3101 4123757.473
302493.2603 4123757.471
302493.2103 4123757.468
302493.1602 4123757.466
302493.11 4123757.464
302493.0597 4123757.462
302493.0093 4123757.46
302492.9589 4123757.457
302492.9087 4123757.455
302492.8587 4123757.453
302492.8087 4123757.451
302492.7587 4123757.449
302492.7086 4123757.447
302492.6586 4123757.444
302492.6086 4123757.442
302492.5586 4123757.44
302492.5087 4123757.438
302492.4588 4123757.436
302492.409 4123757.433
302492.3592 4123757.431
302492.3086 4123757.429
302492.258 4123757.427
302492.2075 4123757.425
302492.1572 4123757.422
302492.107 4123757.42
302492.0569 4123757.418
302492.007 4123757.416
302491.9573 4123757.414
302491.9078 4123757.412
302491.8585 4123757.409
302491.8094 4123757.407
302491.7588 4123757.405
302491.7075 4123757.403
302491.6565 4123757.401
302491.6057 4123757.398
302491.5553 4123757.396
302491.5052 4123757.394
302491.4554 4123757.392
302491.406 4123757.39
302491.357 4123757.387
302491.3084 4123757.385
302491.2601 4123757.383
302491.2081 4123757.381
302491.1561 4123757.379
302491.1047 4123757.376
302491.0538 4123757.374
302491.0035 4123757.372
302490.9537 4123757.37
302490.9046 4123757.367
302490.8562 4123757.365
302490.8084 4123757.363
302490.7602 4123757.361
302490.7066 4123757.359
302490.654 4123757.356
302490.6023 4123757.354
302490.5517 4123757.352
302490.5021 4123757.35
302490.4535 4123757.347
302490.4061 4123757.345
302490.3598 4123757.343
302490.3072 4123757.341
302490.2528 4123757.338
302490.2004 4123757.336
302490.1499 4123757.334
302490.1014 4123757.331
302490.0551 4123757.329
302490.0108 4123757.327
302489.9534 4123757.325
302489.8985 4123757.322
302489.8485 4123757.32
302489.7675 4123757.381
302489.7654 4123757.431
302489.7634 4123757.482
302489.7615 4123757.533
302489.7597 4123757.581
302489.758 4123757.631
302489.7562 4123757.682
302489.7545 4123757.733
302489.7529 4123757.782
302489.7514 4123757.831
302489.7498 4123757.882
302489.7482 4123757.933
302489.7467 4123757.983
302489.7453 4123758.032
302489.7438 4123758.082
302489.7424 4123758.132
302489.741 4123758.183
302489.7395 4123758.233
302489.7382 4123758.282
302489.7368 4123758.332
302489.7355 4123758.382
302489.7341 4123758.433
302489.7328 4123758.483
302489.7314 4123758.533
302489.7301 4123758.583
302489.7288 4123758.633
302489.7275 4123758.683
302489.7262 4123758.733
302489.7249 4123758.783
302489.7236 4123758.833
302489.7223 4123758.883
302489.721 4123758.933
302489.7197 4123758.983
302489.7185 4123759.033
302489.7172 4123759.083
302489.7159 4123759.133
302489.7146 4123759.183
302489.7133 4123759.233
302489.712 4123759.283
302489.7106 4123759.333
302489.7093 4123759.384
302489.708 4123759.434
302489.7066 4123759.484
302489.7053 4123759.533
302489.7039 4123759.583
302489.7025 4123759.634
302489.7011 4123759.684
302489.6997 4123759.734
302489.6983 4123759.784
302489.6969 4123759.833
302489.7729 4123759.843
302489.8222 4123759.845
302489.8764 4123759.847
302489.9351 4123759.85
302489.9797 4123759.851
302490.0258 4123759.853
302490.074 4123759.855
302490.1242 4123759.857
302490.1764 4123759.859
302490.2305 4123759.861
302490.2844 4123759.863
302490.3306 4123759.865
302490.3779 4123759.866
302490.4263 4123759.868
302490.4758 4123759.87
302490.5264 4123759.872
302490.5779 4123759.874
302490.6304 4123759.876
302490.6839 4123759.878
302490.7329 4123759.879
302490.7806 4123759.881
302490.8291 4123759.883
302490.8781 4123759.884
302490.9278 4123759.886
302490.978 4123759.888
302491.0289 4123759.89
302491.0803 4123759.891
302491.1322 4123759.893
302491.1847 4123759.895
302491.2329 4123759.897
302491.2816 4123759.898
302491.3306 4123759.9
302491.38 4123759.902
302491.4297 4123759.903
302491.4798 4123759.905
302491.5302 4123759.907
302491.5809 4123759.909
302491.632 4123759.91
302491.6833 4123759.912
302491.7341 4123759.914
302491.7832 4123759.915
302491.8325 4123759.917
302491.882 4123759.919
302491.9317 4123759.92
302491.9816 4123759.922
302492.0317 4123759.924
302492.0819 4123759.926
302492.1322 4123759.927
302492.1827 4123759.929
302492.2333 4123759.931
302492.284 4123759.932
302492.3338 4123759.934
302492.3836 4123759.936
302492.4335 4123759.937
302492.4835 4123759.939
302492.5335 4123759.941
302492.5835 4123759.942
302492.6336 4123759.944
302492.6836 4123759.946
302492.7337 4123759.947
302492.7837 4123759.949
302492.8337 4123759.951
302492.884 4123759.952
302492.9344 4123759.954
302492.9848 4123759.956
302493.0351 4123759.958
302493.0853 4123759.959
302493.1354 4123759.961
302493.1854 4123759.963
302493.2353 4123759.964
302493.2851 4123759.966
302493.3347 4123759.968
302493.3841 4123759.969
302493.4335 4123759.971
302493.4847 4123759.973
302493.5357 4123759.974
302493.5865 4123759.976
302493.637 4123759.978
302493.6873 4123759.98
302493.7373 4123759.981
302493.787 4123759.983
302493.8365 4123759.985
302493.8856 4123759.986
302493.9344 4123759.988
302493.9833 4123759.99
302494.0354 4123759.991
302494.0871 4123759.993
302494.1383 4123759.995
302494.189 4123759.997
302494.2393 4123759.998
302494.289 4123760
302494.3383 4123760.002
302494.387 4123760.003
302494.4352 4123760.005
302494.4828 4123760.007
