302487.2632 4123747.155
302487.2651 4123747.106
302487.2671 4123747.056
302487.2691 4123747.006
302487.271 4123746.956
302487.273 4123746.905
302487.2749 4123746.856
302487.2768 4123746.806
302487.2787 4123746.756
302487.2806 4123746.706
302487.2825 4123746.655
302487.2843 4123746.605
302487.2862 4123746.556
302487.2881 4123746.506
302487.2899 4123746.456
302487.2918 4123746.406
302487.2936 4123746.355
302487.2955 4123746.305
302487.2973 4123746.255
302487.2992 4123746.205
302487.301 4123746.156
302487.3028 4123746.106
302487.3047 4123746.055
302487.3066 4123746.005
302487.3084 4123745.955
302487.3103 4123745.905
302487.3122 4123745.856
302487.3141 4123745.805
302487.316 4123745.755
302487.3179 4123745.705
302487.3198 4123745.655
302487.3217 4123745.605
302487.3237 4123745.556
302487.3257 4123745.505
302487.3277 4123745.455
302487.3297 4123745.405
302487.3317 4123745.355
302487.3337 4123745.306
302487.3358 4123745.255
302487.338 4123745.204
302487.3401 4123745.155
302487.3422 4123745.106
302487.3445 4123745.055
302487.3468 4123745.004
302487.3491 4123744.954
302487.3515 4123744.905
302487.3539 4123744.856
302487.3565 4123744.804
302487.3591 4123744.754
302487.3639 4123744.677
302487.3163 4123744.674
302487.2682 4123744.672
302487.2195 4123744.669
302487.1703 4123744.666
302487.1206 4123744.664
302487.0704 4123744.661
302487.0197 4123744.658
302486.9685 4123744.655
302486.917 4123744.652
302486.8649 4123744.649
302486.816 4123744.647
302486.7673 4123744.644
302486.7182 4123744.641
302486.6688 4123744.638
302486.6191 4123744.636
302486.5692 4123744.633
302486.5189 4123744.63
302486.4684 4123744.627
302486.4177 4123744.625
302486.3668 4123744.622
302486.3156 4123744.619
302486.2662 4123744.616
302486.2168 4123744.614
302486.1673 4123744.611
302486.1176 4123744.608
302486.0677 4123744.605
302486.0178 4123744.603
302485.9677 4123744.6
302485.9176 4123744.597
302485.8673 4123744.594
302485.817 4123744.592
302485.7666 4123744.589
302485.7164 4123744.586
302485.6664 4123744.583
302485.6164 4123744.58
302485.5664 4123744.578
302485.5164 4123744.575
302485.4664 4123744.572
302485.4164 4123744.569
302485.3665 4123744.567
302485.3166 4123744.564
302485.2667 4123744.561
302485.2169 4123744.558
302485.1672 4123744.556
302485.1166 4123744.553
302485.0661 4123744.55
302485.0156 4123744.547
302484.9653 4123744.544
302484.9151 4123744.542
302484.8651 4123744.539
302484.8152 4123744.536
302484.7655 4123744.533
302484.716 4123744.531
302484.6668 4123744.528
302484.6177 4123744.525
302484.5672 4123744.522
302484.5159 4123744.52
302484.4649 4123744.517
302484.4142 4123744.514
302484.3638 4123744.511
302484.3137 4123744.509
302484.264 4123744.506
302484.2146 4123744.503
302484.1656 4123744.5
302484.1169 4123744.498
302484.0687 4123744.495
302484.0167 4123744.492
302483.9648 4123744.489
302483.9134 4123744.486
302483.8625 4123744.483
302483.8122 4123744.481
302483.7625 4123744.478
302483.7135 4123744.475
302483.665 4123744.473
302483.6172 4123744.47
302483.5691 4123744.467
302483.5156 4123744.464
302483.463 4123744.461
302483.4113 4123744.458
302483.3607 4123744.455
302483.3111 4123744.453
302483.2626 4123744.45
302483.2152 4123744.447
302483.1689 4123744.445
302483.1163 4123744.442
302483.062 4123744.439
302483.0096 4123744.436
302482.9592 4123744.433
302482.9107 4123744.43
302482.8644 4123744.427
302482.8201 4123744.425
302482.7627 4123744.421
302482.708 4123744.418
302482.6579 4123744.415
302482.5762 4123744.476
302482.5736 4123744.526
302482.571 4123744.578
302482.5685 4123744.628
302482.5662 4123744.677
302482.5639 4123744.726
302482.5615 4123744.777
302482.5592 4123744.829
302482.5571 4123744.877
302482.5549 4123744.927
302482.5528 4123744.977
302482.5507 4123745.028
302482.5486 4123745.078
302482.5465 4123745.127
302482.5445 4123745.177
302482.5425 4123745.227
302482.5405 4123745.278
302482.5385 4123745.328
302482.5366 4123745.378
302482.5347 4123745.427
302482.5327 4123745.477
302482.5308 4123745.528
302482.5289 4123745.578
302482.527 4123745.628
302482.5251 4123745.678
302482.5232 4123745.728
302482.5213 4123745.778
302482.5195 4123745.828
302482.5176 4123745.878
302482.5157 4123745.928
302482.5139 4123745.978
302482.512 4123746.028
302482.5101 4123746.078
302482.5083 4123746.128
302482.5064 4123746.178
302482.5045 4123746.228
302482.5027 4123746.278
302482.5008 4123746.328
302482.4989 4123746.378
302482.497 4123746.428
302482.4951 4123746.478
302482.4932 4123746.529
302482.4913 4123746.579
302482.4894 4123746.628
302482.4875 4123746.678
302482.4855 4123746.728
302482.4835 4123746.779
302482.4815 4123746.829
302482.4795 4123746.878
302482.4776 4123746.927
302482.5534 4123746.938
302482.6027 4123746.94
302482.6568 4123746.943
302482.7156 4123746.946
302482.7602 4123746.949
302482.8062 4123746.951
302482.8544 4123746.953
302482.9046 4123746.956
302482.9568 4123746.959
302483.0108 4123746.961
302483.0647 4123746.964
302483.1109 4123746.966
302483.1582 4123746.968
302483.2066 4123746.971
302483.256 4123746.973
302483.3065 4123746.975
302483.3581 4123746.978
302483.4106 4123746.98
302483.464 4123746.983
302483.513 4123746.985
302483.5607 4123746.987
302483.6091 4123746.99
302483.6581 4123746.992
302483.7078 4123746.994
302483.758 4123746.997
302483.8088 4123746.999
302483.8602 4123747.001
302483.9121 4123747.004
302483.9645 4123747.006
302484.0128 4123747.008
302484.0614 4123747.011
302484.1104 4123747.013
302484.1597 4123747.015
302484.2095 4123747.017
302484.2595 4123747.02
302484.3099 4123747.022
302484.3606 4123747.024
302484.4116 4123747.026
302484.4629 4123747.029
302484.5137 4123747.031
302484.5628 4123747.033
302484.612 4123747.036
302484.6615 4123747.038
302484.7112 4123747.04
302484.7611 4123747.042
302484.8111 4123747.045
302484.8613 4123747.047
302484.9117 4123747.049
302484.9621 4123747.051
302485.0127 4123747.054
302485.0634 4123747.056
302485.1131 4123747.058
302485.163 4123747.06
302485.2128 4123747.063
302485.2628 4123747.065
302485.3127 4123747.067
302485.3628 4123747.069
302485.4128 4123747.072
302485.4628 4123747.074
302485.5128 4123747.076
302485.5629 4123747.078
302485.6128 4123747.081
302485.663 4123747.083
302485.7135 4123747.085
302485.7638 4123747.087
302485.8141 4123747.09
302485.8643 4123747.092
302485.9144 4123747.094
302485.9644 4123747.096
302486.0142 4123747.099
302486.064 4123747.101
302486.1135 4123747.103
302486.163 4123747.105
302486.2123 4123747.108
302486.2635 4123747.11
302486.3145 4123747.112
302486.3652 4123747.115
302486.4158 4123747.117
302486.466 4123747.119
302486.516 4123747.121
302486.5657 4123747.124
302486.6151 4123747.126
302486.6643 4123747.128
302486.713 4123747.13
302486.7619 4123747.133
302486.814 4123747.135
302486.8656 4123747.137
302486.9168 4123747.14
302486.9675 4123747.142
302487.0177 4123747.144
302487.0675 4123747.147
302487.1167 4123747.149
302487.1654 4123747.151
302487.2136 4123747.153
302487.2612 4123747.156
