302491.6257 4123754.751
302491.6261 4123754.702
302491.6266 4123754.653
302491.627 4123754.603
302491.6274 4123754.552
302491.6278 4123754.501
302491.6282 4123754.452
302491.6285 4123754.402
302491.6289 4123754.352
302491.6292 4123754.302
302491.6295 4123754.251
302491.6298 4123754.202
302491.6302 4123754.152
302491.6305 4123754.102
302491.6308 4123754.052
302491.6311 4123754.001
302491.6314 4123753.951
302491.6317 4123753.901
302491.632 4123753.851
302491.6323 4123753.801
302491.6326 4123753.751
302491.6329 4123753.701
302491.6332 4123753.651
302491.6335 4123753.601
302491.6338 4123753.551
302491.6341 4123753.501
302491.6344 4123753.451
302491.6348 4123753.401
302491.6351 4123753.35
302491.6355 4123753.3
302491.6359 4123753.25
302491.6362 4123753.201
302491.6366 4123753.151
302491.6371 4123753.1
302491.6375 4123753.05
302491.638 4123753
302491.6384 4123752.951
302491.6389 4123752.901
302491.6395 4123752.85
302491.6401 4123752.799
302491.6406 4123752.75
302491.6413 4123752.701
302491.6419 4123752.65
302491.6427 4123752.599
302491.6435 4123752.549
302491.6443 4123752.5
302491.6451 4123752.451
302491.6461 4123752.399
302491.6472 4123752.348
302491.6496 4123752.271
302491.602 4123752.27
302491.5538 4123752.269
302491.5051 4123752.268
302491.4558 4123752.267
302491.406 4123752.265
302491.3558 4123752.264
302491.305 4123752.263
302491.2538 4123752.262
302491.2021 4123752.261
302491.1501 4123752.259
302491.1011 4123752.258
302491.0523 4123752.257
302491.0031 4123752.256
302490.9537 4123752.254
302490.9039 4123752.253
302490.8539 4123752.252
302490.8036 4123752.251
302490.7531 4123752.25
302490.7023 4123752.248
302490.6513 4123752.247
302490.6 4123752.246
302490.5506 4123752.245
302490.5011 4123752.243
302490.4515 4123752.242
302490.4018 4123752.241
302490.3519 4123752.24
302490.3019 4123752.239
302490.2517 4123752.237
302490.2015 4123752.236
302490.1512 4123752.235
302490.1008 4123752.234
302490.0504 4123752.233
302490.0001 4123752.231
302489.9501 4123752.23
302489.9 4123752.229
302489.85 4123752.228
302489.7999 4123752.226
302489.7498 4123752.225
302489.6998 4123752.224
302489.6498 4123752.223
302489.5998 4123752.222
302489.5499 4123752.22
302489.5 4123752.219
302489.4503 4123752.218
302489.3996 4123752.217
302489.349 4123752.216
302489.2985 4123752.214
302489.2481 4123752.213
302489.1978 4123752.212
302489.1477 4123752.211
302489.0978 4123752.21
302489.0481 4123752.208
302488.9985 4123752.207
302488.9492 4123752.206
302488.9001 4123752.205
302488.8495 4123752.204
302488.7981 4123752.202
302488.747 4123752.201
302488.6963 4123752.2
302488.6458 4123752.199
302488.5957 4123752.197
302488.5459 4123752.196
302488.4964 4123752.195
302488.4474 4123752.194
302488.3987 4123752.193
302488.3504 4123752.191
302488.2983 4123752.19
302488.2463 4123752.189
302488.1949 4123752.188
302488.1439 4123752.186
302488.0936 4123752.185
302488.0439 4123752.184
302487.9947 4123752.183
302487.9462 4123752.182
302487.8984 4123752.18
302487.8502 4123752.179
302487.7966 4123752.178
302487.7439 4123752.177
302487.6922 4123752.175
302487.6415 4123752.174
302487.5919 4123752.173
302487.5433 4123752.171
302487.4958 4123752.17
302487.4495 4123752.169
302487.3968 4123752.168
302487.3425 4123752.166
302487.29 4123752.165
302487.2395 4123752.164
302487.191 4123752.162
302487.1445 4123752.161
302487.1002 4123752.16
302487.0428 4123752.158
302486.9879 4123752.157
302486.9378 4123752.156
302486.858 4123752.219
302486.857 4123752.269
302486.856 4123752.32
302486.855 4123752.371
302486.8542 4123752.419
302486.8534 4123752.469
302486.8527 4123752.52
302486.852 4123752.572
302486.8513 4123752.62
302486.8507 4123752.67
302486.8501 4123752.72
302486.8496 4123752.771
302486.849 4123752.821
302486.8485 4123752.87
302486.8481 4123752.92
302486.8476 4123752.97
302486.8472 4123753.021
302486.8467 4123753.072
302486.8463 4123753.121
302486.8459 4123753.171
302486.8456 4123753.221
302486.8452 4123753.271
302486.8448 4123753.322
302486.8445 4123753.371
302486.8442 4123753.421
302486.8438 4123753.471
302486.8435 4123753.521
302486.8432 4123753.572
302486.8428 4123753.622
302486.8425 4123753.672
302486.8422 4123753.722
302486.8419 4123753.772
302486.8416 4123753.822
302486.8413 4123753.872
302486.841 4123753.922
302486.8406 4123753.972
302486.8403 4123754.022
302486.84 4123754.072
302486.8397 4123754.122
302486.8393 4123754.172
302486.839 4123754.223
302486.8386 4123754.273
302486.8383 4123754.323
302486.8379 4123754.372
302486.8375 4123754.422
302486.8371 4123754.473
302486.8367 4123754.523
302486.8362 4123754.573
302486.8358 4123754.623
302486.8353 4123754.672
302486.9115 4123754.68
302486.9609 4123754.681
302487.015 4123754.682
302487.0738 4123754.683
302487.1185 4123754.684
302487.1646 4123754.685
302487.2128 4123754.686
302487.2631 4123754.687
302487.3153 4123754.688
302487.3694 4123754.689
302487.4233 4123754.69
302487.4695 4123754.691
302487.5169 4123754.692
302487.5653 4123754.693
302487.6148 4123754.693
302487.6654 4123754.694
302487.717 4123754.695
302487.7695 4123754.696
302487.823 4123754.697
302487.872 4123754.698
302487.9198 4123754.698
302487.9682 4123754.699
302488.0173 4123754.7
302488.067 4123754.701
302488.1173 4123754.702
302488.1682 4123754.702
302488.2196 4123754.703
302488.2715 4123754.704
302488.324 4123754.705
302488.3723 4123754.705
302488.421 4123754.706
302488.47 4123754.707
302488.5194 4123754.708
302488.5692 4123754.708
302488.6193 4123754.709
302488.6697 4123754.71
302488.7205 4123754.71
302488.7715 4123754.711
302488.8229 4123754.712
302488.8737 4123754.713
302488.9228 4123754.713
302488.9721 4123754.714
302489.0217 4123754.715
302489.0714 4123754.715
302489.1213 4123754.716
302489.1714 4123754.717
302489.2217 4123754.718
302489.272 4123754.718
302489.3226 4123754.719
302489.3732 4123754.72
302489.4239 4123754.72
302489.4737 4123754.721
302489.5236 4123754.722
302489.5735 4123754.723
302489.6235 4123754.723
302489.6735 4123754.724
302489.7235 4123754.725
302489.7736 4123754.725
302489.8237 4123754.726
302489.8738 4123754.727
302489.9238 4123754.727
302489.9739 4123754.728
302490.0241 4123754.729
302490.0746 4123754.73
302490.125 4123754.73
302490.1753 4123754.731
302490.2255 4123754.732
302490.2757 4123754.732
302490.3257 4123754.733
302490.3756 4123754.734
302490.4254 4123754.735
302490.475 4123754.735
302490.5245 4123754.736
302490.5739 4123754.736
302490.6251 4123754.737
302490.6761 4123754.738
302490.727 4123754.739
302490.7775 4123754.74
302490.8278 4123754.74
302490.8779 4123754.741
302490.9276 4123754.742
302490.9771 4123754.742
302491.0262 4123754.743
302491.0751 4123754.744
302491.124 4123754.745
302491.1761 4123754.745
302491.2278 4123754.746
302491.279 4123754.747
302491.3298 4123754.748
302491.38 4123754.748
302491.4298 4123754.749
302491.4791 4123754.75
302491.5279 4123754.751
302491.5761 4123754.751
302491.6237 4123754.752
