302490.2222 4123752.225
302490.223 4123752.176
302490.2238 4123752.127
302490.2245 4123752.077
302490.2253 4123752.026
302490.2261 4123751.975
302490.2268 4123751.926
302490.2275 4123751.876
302490.2282 4123751.826
302490.2289 4123751.776
302490.2296 4123751.726
302490.2303 4123751.676
302490.231 4123751.626
302490.2316 4123751.576
302490.2323 4123751.526
302490.233 4123751.476
302490.2336 4123751.426
302490.2343 4123751.376
302490.2349 4123751.325
302490.2356 4123751.275
302490.2363 4123751.225
302490.2369 4123751.176
302490.2376 4123751.125
302490.2382 4123751.075
302490.2389 4123751.025
302490.2396 4123750.975
302490.2403 4123750.925
302490.241 4123750.875
302490.2417 4123750.825
302490.2424 4123750.774
302490.2432 4123750.725
302490.2439 4123750.675
302490.2447 4123750.625
302490.2454 4123750.574
302490.2462 4123750.524
302490.2471 4123750.474
302490.2479 4123750.425
302490.2488 4123750.375
302490.2497 4123750.324
302490.2506 4123750.274
302490.2516 4123750.224
302490.2525 4123750.175
302490.2536 4123750.124
302490.2547 4123750.073
302490.2558 4123750.023
302490.257 4123749.974
302490.2582 4123749.925
302490.2596 4123749.873
302490.261 4123749.823
302490.264 4123749.746
302490.2164 4123749.744
302490.1682 4123749.743
302490.1195 4123749.741
302490.0702 4123749.74
302490.0204 4123749.738
302489.9702 4123749.736
302489.9194 4123749.735
302489.8682 4123749.733
302489.8166 4123749.732
302489.7645 4123749.73
302489.7156 4123749.728
302489.6668 4123749.727
302489.6176 4123749.725
302489.5682 4123749.724
302489.5185 4123749.722
302489.4684 4123749.721
302489.4182 4123749.719
302489.3676 4123749.718
302489.3168 4123749.716
302489.2658 4123749.714
302489.2146 4123749.713
302489.1652 4123749.711
302489.1157 4123749.71
302489.0661 4123749.708
302489.0164 4123749.707
302488.9665 4123749.705
302488.9165 4123749.703
302488.8664 4123749.702
302488.8162 4123749.7
302488.7659 4123749.699
302488.7155 4123749.697
302488.665 4123749.695
302488.6148 4123749.694
302488.5648 4123749.692
302488.5147 4123749.691
302488.4647 4123749.689
302488.4146 4123749.688
302488.3646 4123749.686
302488.3145 4123749.685
302488.2645 4123749.683
302488.2146 4123749.681
302488.1647 4123749.68
302488.1148 4123749.678
302488.0651 4123749.677
302488.0144 4123749.675
302487.9638 4123749.674
302487.9133 4123749.672
302487.8629 4123749.67
302487.8127 4123749.669
302487.7626 4123749.667
302487.7127 4123749.666
302487.663 4123749.664
302487.6134 4123749.662
302487.5641 4123749.661
302487.515 4123749.659
302487.4644 4123749.658
302487.413 4123749.656
302487.362 4123749.655
302487.3112 4123749.653
302487.2608 4123749.651
302487.2107 4123749.65
302487.1609 4123749.648
302487.1114 4123749.647
302487.0624 4123749.645
302487.0137 4123749.644
302486.9654 4123749.642
302486.9134 4123749.641
302486.8614 4123749.639
302486.8099 4123749.637
302486.759 4123749.636
302486.7087 4123749.634
302486.6589 4123749.632
302486.6098 4123749.631
302486.5613 4123749.629
302486.5135 4123749.628
302486.4653 4123749.626
302486.4117 4123749.625
302486.359 4123749.623
302486.3074 4123749.621
302486.2567 4123749.62
302486.2071 4123749.618
302486.1585 4123749.616
302486.111 4123749.615
302486.0647 4123749.613
302486.0121 4123749.611
302485.9577 4123749.61
302485.9052 4123749.608
302485.8547 4123749.606
302485.8062 4123749.605
302485.7598 4123749.603
302485.7155 4123749.602
302485.6581 4123749.6
302485.6032 4123749.598
302485.5532 4123749.596
302485.4729 4123749.659
302485.4715 4123749.709
302485.4701 4123749.76
302485.4688 4123749.811
302485.4676 4123749.859
302485.4665 4123749.909
302485.4654 4123749.96
302485.4643 4123750.011
302485.4633 4123750.06
302485.4623 4123750.11
302485.4614 4123750.16
302485.4605 4123750.211
302485.4596 4123750.261
302485.4587 4123750.31
302485.4579 4123750.36
302485.4571 4123750.41
302485.4562 4123750.461
302485.4555 4123750.511
302485.4547 4123750.561
302485.454 4123750.61
302485.4532 4123750.661
302485.4525 4123750.711
302485.4518 4123750.761
302485.451 4123750.811
302485.4503 4123750.861
302485.4497 4123750.911
302485.449 4123750.961
302485.4483 4123751.011
302485.4476 4123751.062
302485.4469 4123751.111
302485.4462 4123751.161
302485.4456 4123751.211
302485.4449 4123751.261
302485.4442 4123751.312
302485.4435 4123751.362
302485.4429 4123751.412
302485.4422 4123751.462
302485.4415 4123751.512
302485.4408 4123751.562
302485.4401 4123751.612
302485.4394 4123751.662
302485.4387 4123751.712
302485.438 4123751.762
302485.4372 4123751.812
302485.4365 4123751.862
302485.4357 4123751.912
302485.4349 4123751.963
302485.4341 4123752.013
302485.4333 4123752.062
302485.4325 4123752.111
302485.5086 4123752.12
302485.558 4123752.122
302485.6121 4123752.123
302485.6709 4123752.125
302485.7155 4123752.126
302485.7617 4123752.127
302485.8099 4123752.129
302485.8601 4123752.13
302485.9123 4123752.131
302485.9665 4123752.133
302486.0204 4123752.134
302486.0666 4123752.135
302486.1139 4123752.136
302486.1623 4123752.138
302486.2118 4123752.139
302486.2624 4123752.14
302486.314 4123752.141
302486.3665 4123752.142
302486.42 4123752.144
302486.469 4123752.145
302486.5168 4123752.146
302486.5652 4123752.147
302486.6143 4123752.148
302486.664 4123752.149
302486.7142 4123752.15
302486.7651 4123752.152
302486.8165 4123752.153
302486.8685 4123752.154
302486.9209 4123752.155
302486.9692 4123752.156
302487.0179 4123752.157
302487.0669 4123752.158
302487.1163 4123752.159
302487.1661 4123752.16
302487.2162 4123752.161
302487.2666 4123752.162
302487.3173 4123752.164
302487.3684 4123752.165
302487.4197 4123752.166
302487.4705 4123752.167
302487.5196 4123752.168
302487.569 4123752.169
302487.6185 4123752.17
302487.6682 4123752.171
302487.7181 4123752.172
302487.7682 4123752.173
302487.8185 4123752.174
302487.8688 4123752.176
302487.9193 4123752.177
302487.97 4123752.178
302488.0207 4123752.179
302488.0705 4123752.18
302488.1203 4123752.181
302488.1702 4123752.182
302488.2202 4123752.183
302488.2702 4123752.184
302488.3203 4123752.185
302488.3703 4123752.186
302488.4204 4123752.187
302488.4705 4123752.188
302488.5205 4123752.189
302488.5706 4123752.19
302488.6208 4123752.191
302488.6713 4123752.193
302488.7216 4123752.193
302488.772 4123752.195
302488.8222 4123752.196
302488.8723 4123752.197
302488.9224 4123752.198
302488.9723 4123752.199
302489.022 4123752.2
302489.0716 4123752.201
302489.1211 4123752.202
302489.1705 4123752.203
302489.2217 4123752.204
302489.2728 4123752.205
302489.3235 4123752.206
302489.3741 4123752.208
302489.4244 4123752.209
302489.4744 4123752.21
302489.5242 4123752.211
302489.5737 4123752.212
302489.6228 4123752.213
302489.6716 4123752.214
302489.7206 4123752.215
302489.7726 4123752.216
302489.8243 4123752.217
302489.8755 4123752.218
302489.9263 4123752.219
302489.9766 4123752.221
302490.0263 4123752.222
302490.0756 4123752.223
302490.1244 4123752.224
302490.1726 4123752.225
302490.2202 4123752.226
