302493.048 4123757.413
302493.0494 4123757.364
302493.0508 4123757.315
302493.0522 4123757.265
302493.0536 4123757.214
302493.055 4123757.163
302493.0563 4123757.114
302493.0576 4123757.064
302493.0589 4123757.014
302493.0603 4123756.964
302493.0616 4123756.914
302493.0629 4123756.864
302493.0642 4123756.814
302493.0654 4123756.764
302493.0667 4123756.714
302493.068 4123756.664
302493.0693 4123756.614
302493.0706 4123756.563
302493.0718 4123756.514
302493.0731 4123756.464
302493.0744 4123756.414
302493.0757 4123756.364
302493.0769 4123756.313
302493.0782 4123756.263
302493.0795 4123756.213
302493.0808 4123756.163
302493.0821 4123756.114
302493.0834 4123756.063
302493.0848 4123756.013
302493.0861 4123755.963
302493.0874 4123755.913
302493.0888 4123755.863
302493.0902 4123755.813
302493.0916 4123755.763
302493.093 4123755.712
302493.0944 4123755.662
302493.0959 4123755.613
302493.0974 4123755.563
302493.0989 4123755.512
302493.1005 4123755.462
302493.102 4123755.412
302493.1036 4123755.363
302493.1053 4123755.313
302493.107 4123755.262
302493.1088 4123755.212
302493.1105 4123755.163
302493.1124 4123755.113
302493.1144 4123755.062
302493.1164 4123755.011
302493.1203 4123754.935
302493.0727 4123754.933
302493.0246 4123754.93
302492.9759 4123754.928
302492.9266 4123754.926
302492.8769 4123754.924
302492.8266 4123754.922
302492.7759 4123754.92
302492.7247 4123754.917
302492.6731 4123754.915
302492.6211 4123754.913
302492.5721 4123754.911
302492.5234 4123754.908
302492.4742 4123754.906
302492.4248 4123754.904
302492.3751 4123754.902
302492.3251 4123754.9
302492.2749 4123754.897
302492.2244 4123754.895
302492.1736 4123754.893
302492.1226 4123754.891
302492.0714 4123754.889
302492.022 4123754.886
302491.9726 4123754.884
302491.923 4123754.882
302491.8733 4123754.88
302491.8234 4123754.878
302491.7735 4123754.876
302491.7234 4123754.873
302491.6732 4123754.871
302491.6229 4123754.869
302491.5725 4123754.867
302491.5221 4123754.865
302491.4719 4123754.862
302491.4219 4123754.86
302491.3719 4123754.858
302491.3219 4123754.856
302491.2718 4123754.854
302491.2218 4123754.851
302491.1718 4123754.849
302491.1218 4123754.847
302491.0719 4123754.845
302491.022 4123754.843
302490.9721 4123754.841
302490.9224 4123754.839
302490.8718 4123754.836
302490.8212 4123754.834
302490.7707 4123754.832
302490.7204 4123754.83
302490.6701 4123754.827
302490.6201 4123754.825
302490.5702 4123754.823
302490.5205 4123754.821
302490.471 4123754.819
302490.4217 4123754.817
302490.3726 4123754.814
302490.322 4123754.812
302490.2707 4123754.81
302490.2197 4123754.808
302490.1689 4123754.805
302490.1185 4123754.803
302490.0684 4123754.801
302490.0186 4123754.799
302489.9692 4123754.797
302489.9202 4123754.795
302489.8715 4123754.792
302489.8233 4123754.79
302489.7713 4123754.788
302489.7193 4123754.786
302489.6678 4123754.783
302489.617 4123754.781
302489.5667 4123754.779
302489.5169 4123754.777
302489.4678 4123754.775
302489.4194 4123754.772
302489.3715 4123754.77
302489.3234 4123754.768
302489.2698 4123754.766
302489.2172 4123754.764
302489.1655 4123754.761
302489.1149 4123754.759
302489.0653 4123754.757
302489.0167 4123754.755
302488.9693 4123754.752
302488.923 4123754.75
302488.8704 4123754.748
302488.816 4123754.745
302488.7636 4123754.743
302488.7131 4123754.741
302488.6646 4123754.739
302488.6182 4123754.736
302488.574 4123754.735
302488.5165 4123754.732
302488.4617 4123754.729
302488.4117 4123754.727
302488.3307 4123754.788
302488.3286 4123754.838
302488.3266 4123754.889
302488.3247 4123754.94
302488.3229 4123754.988
302488.3212 4123755.038
302488.3194 4123755.089
302488.3177 4123755.141
302488.3161 4123755.189
302488.3145 4123755.239
302488.313 4123755.289
302488.3114 4123755.34
302488.3099 4123755.39
302488.3085 4123755.439
302488.307 4123755.489
302488.3056 4123755.539
302488.3041 4123755.59
302488.3027 4123755.64
302488.3014 4123755.69
302488.3 4123755.739
302488.2986 4123755.789
302488.2973 4123755.84
302488.2959 4123755.891
302488.2946 4123755.94
302488.2933 4123755.99
302488.292 4123756.04
302488.2907 4123756.09
302488.2894 4123756.14
302488.2881 4123756.19
302488.2868 4123756.24
302488.2855 4123756.29
302488.2842 4123756.34
302488.2829 4123756.39
302488.2816 4123756.44
302488.2803 4123756.49
302488.279 4123756.541
302488.2777 4123756.591
302488.2764 4123756.641
302488.2751 4123756.69
302488.2738 4123756.74
302488.2725 4123756.791
302488.2712 4123756.841
302488.2698 4123756.891
302488.2685 4123756.941
302488.2671 4123756.99
302488.2657 4123757.041
302488.2643 4123757.092
302488.2629 4123757.141
302488.2615 4123757.191
302488.2601 4123757.24
302488.3361 4123757.25
302488.3854 4123757.252
302488.4395 4123757.254
302488.4983 4123757.257
302488.5429 4123757.259
302488.589 4123757.26
302488.6372 4123757.262
302488.6874 4123757.264
302488.7396 4123757.266
302488.7937 4123757.268
302488.8476 4123757.27
302488.8938 4123757.272
302488.9411 4123757.274
302488.9895 4123757.276
302489.039 4123757.277
302489.0896 4123757.279
302489.1411 4123757.281
302489.1936 4123757.283
302489.2471 4123757.285
302489.2961 4123757.287
302489.3438 4123757.288
302489.3922 4123757.29
302489.4413 4123757.292
302489.491 4123757.293
302489.5412 4123757.295
302489.5921 4123757.297
302489.6435 4123757.299
302489.6954 4123757.3
302489.7478 4123757.302
302489.7961 4123757.304
302489.8447 4123757.306
302489.8938 4123757.307
302489.9432 4123757.309
302489.9929 4123757.311
302490.043 4123757.312
302490.0934 4123757.314
302490.1441 4123757.316
302490.1951 4123757.318
302490.2465 4123757.319
302490.2973 4123757.321
302490.3464 4123757.323
302490.3957 4123757.324
302490.4452 4123757.326
302490.4949 4123757.328
302490.5448 4123757.329
302490.5949 4123757.331
302490.6451 4123757.333
302490.6954 4123757.334
302490.7459 4123757.336
302490.7965 4123757.338
302490.8472 4123757.339
302490.897 4123757.341
302490.9468 4123757.343
302490.9967 4123757.344
302491.0467 4123757.346
302491.0967 4123757.348
302491.1467 4123757.35
302491.1968 4123757.351
302491.2468 4123757.353
302491.2969 4123757.355
302491.3469 4123757.356
302491.3969 4123757.358
302491.4471 4123757.36
302491.4976 4123757.361
302491.548 4123757.363
302491.5983 4123757.365
302491.6485 4123757.366
302491.6986 4123757.368
302491.7486 4123757.37
302491.7985 4123757.371
302491.8482 4123757.373
302491.8978 4123757.375
302491.9473 4123757.376
302491.9967 4123757.378
302492.0479 4123757.38
302492.0989 4123757.381
302492.1497 4123757.383
302492.2002 4123757.385
302492.2505 4123757.387
302492.3005 4123757.388
302492.3502 4123757.39
302492.3997 4123757.392
302492.4488 4123757.393
302492.4976 4123757.395
302492.5465 4123757.397
302492.5986 4123757.399
302492.6502 4123757.4
302492.7014 4123757.402
302492.7522 4123757.404
302492.8024 4123757.406
302492.8522 4123757.407
302492.9015 4123757.409
302492.9502 4123757.411
302492.9984 4123757.412
302493.046 4123757.414
