302488.7632 4123749.699
302488.7646 4123749.65
302488.7661 4123749.6
302488.7675 4123749.55
302488.7689 4123749.5
302488.7703 4123749.449
302488.7716 4123749.4
302488.7729 4123749.35
302488.7743 4123749.3
302488.7756 4123749.25
302488.7769 4123749.199
302488.7782 4123749.149
302488.7795 4123749.1
302488.7808 4123749.05
302488.7821 4123749
302488.7834 4123748.949
302488.7847 4123748.899
302488.786 4123748.849
302488.7872 4123748.799
302488.7885 4123748.749
302488.7898 4123748.699
302488.7911 4123748.649
302488.7924 4123748.599
302488.7937 4123748.549
302488.795 4123748.499
302488.7963 4123748.449
302488.7976 4123748.399
302488.7989 4123748.349
302488.8003 4123748.299
302488.8016 4123748.248
302488.803 4123748.198
302488.8043 4123748.149
302488.8057 4123748.099
302488.8071 4123748.048
302488.8086 4123747.998
302488.81 4123747.948
302488.8114 4123747.899
302488.8129 4123747.849
302488.8145 4123747.798
302488.816 4123747.748
302488.8176 4123747.698
302488.8192 4123747.649
302488.8209 4123747.599
302488.8226 4123747.547
302488.8244 4123747.497
302488.8262 4123747.448
302488.828 4123747.399
302488.83 4123747.347
302488.8321 4123747.297
302488.836 4123747.22
302488.7884 4123747.218
302488.7402 4123747.216
302488.6915 4123747.214
302488.6423 4123747.212
302488.5926 4123747.209
302488.5423 4123747.207
302488.4916 4123747.205
302488.4404 4123747.203
302488.3888 4123747.2
302488.3368 4123747.198
302488.2878 4123747.196
302488.239 4123747.194
302488.1899 4123747.192
302488.1405 4123747.189
302488.0908 4123747.187
302488.0408 4123747.185
302487.9906 4123747.183
302487.94 4123747.181
302487.8893 4123747.178
302487.8383 4123747.176
302487.7871 4123747.174
302487.7377 4123747.172
302487.6883 4123747.169
302487.6387 4123747.167
302487.589 4123747.165
302487.5391 4123747.163
302487.4892 4123747.161
302487.4391 4123747.159
302487.3889 4123747.156
302487.3386 4123747.154
302487.2882 4123747.152
302487.2378 4123747.15
302487.1876 4123747.147
302487.1376 4123747.145
302487.0876 4123747.143
302487.0375 4123747.141
302486.9875 4123747.139
302486.9375 4123747.137
302486.8875 4123747.134
302486.8375 4123747.132
302486.7876 4123747.13
302486.7377 4123747.128
302486.6879 4123747.126
302486.6381 4123747.123
302486.5875 4123747.121
302486.5369 4123747.119
302486.4864 4123747.117
302486.4361 4123747.115
302486.3858 4123747.112
302486.3358 4123747.11
302486.2859 4123747.108
302486.2362 4123747.106
302486.1867 4123747.104
302486.1374 4123747.101
302486.0883 4123747.099
302486.0377 4123747.097
302485.9864 4123747.095
302485.9354 4123747.093
302485.8846 4123747.09
302485.8342 4123747.088
302485.7841 4123747.086
302485.7343 4123747.084
302485.6849 4123747.082
302485.6359 4123747.079
302485.5872 4123747.077
302485.539 4123747.075
302485.487 4123747.073
302485.435 4123747.071
302485.3836 4123747.068
302485.3327 4123747.066
302485.2824 4123747.064
302485.2326 4123747.062
302485.1835 4123747.059
302485.1351 4123747.057
302485.0872 4123747.055
302485.0391 4123747.053
302484.9855 4123747.051
302484.9329 4123747.048
302484.8812 4123747.046
302484.8306 4123747.044
302484.781 4123747.041
302484.7324 4123747.039
302484.685 4123747.037
302484.6387 4123747.035
302484.5861 4123747.033
302484.5317 4123747.03
302484.4793 4123747.028
302484.4288 4123747.026
302484.3803 4123747.023
302484.334 4123747.021
302484.2897 4123747.019
302484.2323 4123747.016
302484.1774 4123747.014
302484.1274 4123747.011
302484.0464 4123747.073
302484.0443 4123747.123
302484.0423 4123747.175
302484.0404 4123747.225
302484.0386 4123747.274
302484.0368 4123747.324
302484.0351 4123747.375
302484.0334 4123747.426
302484.0318 4123747.475
302484.0302 4123747.524
302484.0286 4123747.574
302484.027 4123747.625
302484.0255 4123747.676
302484.0241 4123747.725
302484.0226 4123747.774
302484.0211 4123747.825
302484.0197 4123747.875
302484.0183 4123747.926
302484.0169 4123747.975
302484.0155 4123748.025
302484.0142 4123748.075
302484.0128 4123748.125
302484.0115 4123748.176
302484.0101 4123748.225
302484.0088 4123748.275
302484.0075 4123748.325
302484.0062 4123748.375
302484.0049 4123748.426
302484.0036 4123748.476
302484.0023 4123748.526
302484.001 4123748.576
302483.9997 4123748.626
302483.9984 4123748.676
302483.9971 4123748.726
302483.9958 4123748.776
302483.9945 4123748.826
302483.9931 4123748.876
302483.9918 4123748.926
302483.9905 4123748.976
302483.9892 4123749.026
302483.9879 4123749.076
302483.9865 4123749.126
302483.9852 4123749.176
302483.9838 4123749.226
302483.9825 4123749.276
302483.981 4123749.327
302483.9796 4123749.377
302483.9782 4123749.427
302483.9768 4123749.476
302483.9754 4123749.525
302484.0513 4123749.535
302484.1007 4123749.537
302484.1548 4123749.539
302484.2136 4123749.542
302484.2582 4123749.543
302484.3043 4123749.545
302484.3525 4123749.547
302484.4027 4123749.549
302484.4549 4123749.551
302484.509 4123749.553
302484.5629 4123749.555
302484.6091 4123749.557
302484.6564 4123749.559
302484.7048 4123749.56
302484.7543 4123749.562
302484.8048 4123749.564
302484.8564 4123749.566
302484.9089 4123749.568
302484.9624 4123749.57
302485.0114 4123749.572
302485.0591 4123749.573
302485.1075 4123749.575
302485.1566 4123749.577
302485.2062 4123749.578
302485.2565 4123749.58
302485.3073 4123749.582
302485.3587 4123749.584
302485.4107 4123749.585
302485.4631 4123749.587
302485.5114 4123749.589
302485.56 4123749.591
302485.609 4123749.592
302485.6584 4123749.594
302485.7082 4123749.596
302485.7583 4123749.597
302485.8087 4123749.599
302485.8594 4123749.601
302485.9104 4123749.603
302485.9617 4123749.604
302486.0125 4123749.606
302486.0616 4123749.608
302486.1109 4123749.61
302486.1605 4123749.611
302486.2102 4123749.613
302486.2601 4123749.615
302486.3101 4123749.616
302486.3603 4123749.618
302486.4107 4123749.62
302486.4612 4123749.621
302486.5118 4123749.623
302486.5625 4123749.625
302486.6123 4123749.626
302486.6621 4123749.628
302486.712 4123749.63
302486.762 4123749.631
302486.812 4123749.633
302486.862 4123749.635
302486.912 4123749.636
302486.9621 4123749.638
302487.0121 4123749.64
302487.0622 4123749.642
302487.1122 4123749.643
302487.1624 4123749.645
302487.2128 4123749.647
302487.2632 4123749.648
302487.3135 4123749.65
302487.3637 4123749.652
302487.4139 4123749.653
302487.4639 4123749.655
302487.5138 4123749.657
302487.5635 4123749.658
302487.6131 4123749.66
302487.6625 4123749.662
302487.7119 4123749.664
302487.7631 4123749.665
302487.8141 4123749.667
302487.8649 4123749.669
302487.9155 4123749.67
302487.9657 4123749.672
302488.0158 4123749.674
302488.0655 4123749.676
302488.1149 4123749.677
302488.1641 4123749.679
302488.2129 4123749.681
302488.2618 4123749.682
302488.3139 4123749.684
302488.3655 4123749.686
302488.4167 4123749.688
302488.4674 4123749.689
302488.5177 4123749.691
302488.5675 4123749.693
302488.6167 4123749.695
302488.6654 4123749.696
302488.7136 4123749.698
302488.7612 4123749.7
