-89.0666124665	-533.240097196
-88.9915506679	-533.103866722
-88.9095785451	-532.955185083
-88.8033830943	-532.76243606
-88.7056219405	-532.584823758
-88.6014139485	-532.395370631
-88.4890405975	-532.191024928
-88.3697836234	-531.974105981
-88.2439386671	-531.744980007
-88.1106874775	-531.502670438
-87.9702722849	-531.247421414
-87.8230783767	-530.979477075
-87.6682112051	-530.697372584
-87.5072748489	-530.404037623
-87.3401663139	-530.099960478
-87.1666624369	-529.784042505
-86.9845144592	-529.452865749
-86.7973501512	-529.112899928
-86.6038400953	-528.761093288
-86.404545051	-528.398300319
-86.1969587633	-528.020248561
-85.9863626774	-527.636337429
-85.7686407402	-527.239364772
-85.5465471561	-526.833480983
-85.3200094525	-526.420395047
-85.0894453356	-526.000473169
-84.8541967706	-525.572616726
-84.612135155	-525.132797391
-84.3633444129	-524.679672389
-84.1110727613	-524.218979028
-83.8166696866	-523.679062036
-83.5610964122	-523.208236846
-83.2984525993	-522.725326684
-83.0320341432	-522.23826614
-82.7615434945	-521.74632278
-82.4861566863	-521.245834498
-82.2119772261	-520.747177273
-81.9321291284	-520.236923366
-81.6490995702	-519.719833524
-81.3193342526	-519.118515161
-81.0281755743	-518.5875093
-80.7396757429	-518.061142115
-80.4499437624	-517.533188012
-80.1591970759	-517.005355984
-79.8632376015	-516.468490746
-79.5206587154	-515.846054226
-79.2236254044	-515.305526879
-78.9265177068	-514.764633328
-78.6264631574	-514.21922317
-78.3269846258	-513.675399929
-78.0261595075	-513.128524927
-77.7272512735	-512.584945824
-77.428478462	-512.041366722
-77.0812837906	-511.40965286
-76.7791654901	-510.859726099
-76.4794618912	-510.313461453
-76.1776487667	-509.76219192
-75.8784830413	-509.216049342
-75.5778419794	-508.667465359
-75.2752735442	-508.116073758
-74.9726641006	-507.564682156
-74.6701786341	-507.013900904
-74.366834861	-506.46165481
-74.0639955838	-505.909774926
-73.7613127064	-505.358627466
-73.4618866279	-504.813827666
-73.1613619158	-504.267196802
-72.8612568221	-503.719711453
-72.5615703907	-503.171981961
-72.2619020775	-502.623886256
-71.96224807	-502.076522975
-71.6635134052	-501.531356959
-71.3598739924	-500.977890163
-71.0595047305	-500.431381375
-70.7593500449	-499.884994656
-70.4588682476	-499.337509303
-70.1571113904	-498.787460477
-69.8554336845	-498.237289577
-69.5562488867	-497.691391137
-69.257136567	-497.145736841
-68.9594662006	-496.60289016
-68.6599848087	-496.057846218
-68.358189804	-495.508529808
-68.0592806183	-494.962997585
-67.7610065767	-494.41831985
-67.4621779756	-493.874130396
-67.1612784695	-493.327133329
-66.8588855095	-492.776718289
-66.5575487455	-492.227157742
-66.2105848622	-491.594711453
-65.9108092611	-491.048690946
-65.6124727566	-490.505111839
-65.3137910187	-489.960556179
-65.0113108003	-489.409042504
-64.7107813187	-488.861557154
-64.4119093247	-488.316635284
-64.1118700324	-487.769272
-63.812196953	-487.222396997
-63.5105020835	-486.672348168
-63.2117454854	-486.128036646
-62.9126055076	-485.582626491
-62.6130344692	-485.036239773
-62.2153236692	-484.311386256
-61.9128553699	-483.760238796
-61.6137201625	-483.215316921
-61.2653667741	-482.580063012
-60.9659807509	-482.033920438
-60.6177484816	-481.398178246
-60.318950873	-480.853012234
-60.0168793029	-480.302475119
-59.7168590854	-479.755844262
-59.4172823264	-479.209945824
-59.1154234241	-478.659774929
-58.8157350854	-478.11399856
-58.5165788968	-477.569198755
-58.1675798721	-476.933944849
-57.8675577469	-476.387680202
-57.5676348035	-475.841903833
-57.2680742576	-475.29673782
-56.9690668409	-474.750717309
-56.6711237262	-474.205673364
-56.372627479	-473.65977493
-56.0246889422	-473.026352076
-55.7239382094	-472.48069778
-55.4233000118	-471.935287622
-55.1224367446	-471.388168478
-54.824354394	-470.845565944
-54.5254480689	-470.300766138
-54.2238466571	-469.75108352
-53.9221346199	-469.201400905
-53.6212580041	-468.653915551
-53.3187162702	-468.103866723
-53.0182554547	-467.558090356
-52.7198297805	-467.015121605
-52.418350441	-466.465561061
-52.1185648257	-465.918319847
-51.8206655814	-465.373153834
-51.5218832324	-464.827499536
-51.2190401379	-464.277938989
-50.9171984022	-463.738388209
-50.6112901986	-463.195297389
-50.3082811673	-462.650863797
-50.0070345241	-462.110092309
-49.7013056104	-461.563949734
-49.3974001248	-461.021835473
-49.0905058206	-460.473861842
-48.7870428378	-459.932235865
-48.4835436181	-459.390854031
-48.1786844567	-458.847396998
-47.8738405547	-458.303451686
-47.5705473251	-457.762191921
-47.2662813498	-457.219467311
-46.9174177482	-456.597519067
-46.6131975473	-456.055038597
-46.3079645453	-455.51109329
-46.0010950404	-454.963363794
-45.6964113538	-454.419784693
-45.3927042317	-453.878280789
-45.0888140039	-453.336898952
-44.7831556625	-452.791977076
-44.4784509973	-452.249252467
-44.1724951083	-451.704818875
-43.8690721816	-451.165023953
-43.5624677953	-450.619003443
-43.2574579533	-450.075912624
-42.9511988002	-449.531845241
-42.6461546244	-448.988266136
-42.3427889183	-448.444076688
-42.0405065855	-447.901352075
-41.73718093	-447.359237818
-41.4337789847	-446.817978056
-41.1297762228	-446.274398952
-40.8230554903	-445.725937039
-40.5174028712	-445.179916529
-40.2140390716	-444.638534694
-39.9102976149	-444.096054223
-39.605964882	-443.552597191
-39.3022501294	-443.010727077
-38.9984018635	-442.468246609
-38.6925318065	-441.92234817
-38.3891680064	-441.381088405
-38.0837824171	-440.836776882
-37.779339058	-440.294418481
-37.4725992511	-439.748153833
-37.1678812341	-439.205063015
-36.8634989079	-438.662582545
-36.5563013382	-438.115097193
-36.2494776078	-437.568588405
-35.9466097195	-437.029037624
-35.6406214074	-436.483505398
-35.3369715042	-435.941513211
-35.0334131542	-435.39891067
-34.7301676115	-434.856063992
-34.425098641	-434.310287622
-34.1218340236	-433.768051295
-33.8178560568	-433.224838403
-33.5101129855	-432.67491165
-33.2162439663	-432.129989773
-32.9877245242	-431.564193873
-32.8005258854	-430.991928248
-32.5977213195	-430.42247024
-32.3982317282	-429.852890159
-32.2366907417	-429.19993606
-32.1793672855	-428.612289576
-32.1675417243	-428.034652857
-32.1378137885	-427.459213406
-32.1117670364	-426.879867699
-32.0972482992	-426.29380813
-32.1527979203	-425.716537624
-32.2876703562	-425.155746606
-32.4735300354	-424.626327661
-32.6399042448	-424.091659694
-32.8108866039	-423.55149856
-33.006149513	-423.016830592
-33.2727167429	-422.516098169
-33.5799829782	-422.054672391
-33.8688013394	-421.582138212
-34.1662027681	-421.098739774
-34.4670831987	-420.615585474
-34.8111269311	-420.166610864
-35.2132723155	-419.774887234
-35.6591455765	-419.448349149
-36.0900575946	-419.117538603
-36.5239107437	-418.78099075
-36.9689256964	-418.4489595
-37.4337770779	-418.152450711
-37.8936731639	-417.841415553
-38.3629762956	-417.524521024
-38.841785651	-417.201278834
-39.3185999218	-416.879745631
-39.8103563612	-416.569931176
-40.3282778093	-416.312240748
-40.8353006677	-416.042221217
-41.3500253988	-415.769027856
-41.8671324088	-415.49620071
-42.3920137713	-415.220199733
-42.9218656849	-414.94175735
-43.4522764498	-414.658188012
-43.9543173134	-414.341537623
-44.4638616857	-414.033432156
-44.9793493586	-413.721542506
-45.4975702595	-413.40721145
-46.0174486454	-413.097396997
-46.5628301934	-412.833969262
-47.1038496321	-412.563461453
-47.6428339305	-412.293197776
-48.1906912158	-412.019394069
-48.7372248016	-411.746200706
-49.2733213725	-411.461166528
-49.8134767825	-411.175155788
-50.3537866893	-410.889633327
-50.8997957548	-410.601181176
-51.4833013836	-410.29283157
-52.0294649438	-410.004135279
-52.5744192433	-409.712021019
-53.0978700945	-409.397934105
-53.6262152017	-409.091415553
-54.1612264944	-408.780502468
-54.6938936536	-408.471054223
-55.228489143	-408.160629421
-55.7686998672	-407.846908718
-56.3055574722	-407.534408716
-56.8398859345	-407.223373563
-57.3805506065	-406.908920435
-57.9288675619	-406.589828642
-58.4701273282	-406.274765161
-59.0013735125	-405.95701614
-59.4903108904	-405.604599149
-59.9898569416	-405.257675319
-60.4878275216	-404.911850123
-60.989952309	-404.561874539
-61.4932024314	-404.211776882
-61.9957010591	-403.862777858
-62.5024072968	-403.511703637
-62.9872476895	-403.140976099
-63.407615884	-402.721176296
-63.8024980845	-402.291610869
-64.2148554154	-401.862899926
-64.6241228423	-401.432846217
-65.0229914011	-400.984481961
-65.3523065875	-400.499862817
-65.6589205105	-400.011337427
-65.9791414569	-399.525497584
-66.2950403527	-399.033798369
-66.5973627385	-398.533920435
-66.9079820939	-398.032699731
-67.1887514416	-397.510849147
-67.3877451245	-396.975570827
-67.5081178977	-396.429550318
-67.5935137088	-395.878647001
-67.697246772	-395.327621608
-67.7977983793	-394.767318873
-67.8433573078	-394.202987817
-67.8076517418	-393.650131373
-67.6944620446	-393.121200711
-67.5756838154	-392.593246607
-67.4649355241	-392.053939967
-67.349739295	-391.506698755
-67.232292396	-390.94883743
-67.1144182523	-390.390243675
-66.9848100975	-389.822982934
-66.7916261973	-389.290634303
-66.593528968	-388.75071731
-66.403888925	-388.214096215
-66.2074091272	-387.663681176
-66.0057871179	-387.111801296
-65.7501222931	-386.590805199
-65.4577028577	-385.990829614
-65.203972084	-385.461166532
-64.9470636675	-384.928207545
-64.6802599267	-384.401840355
-64.3713571865	-383.905136253
-64.0739748307	-383.39903274
-63.7743036575	-382.889022976
-63.4685289674	-382.368881372
-63.1753885574	-381.844833522
-62.936794501	-381.295272974
-62.6885187471	-380.753158714
-62.4407350844	-380.213485867
-62.158924324	-379.691635277
-61.867977364	-379.18675247
-61.576671822	-378.663070826
-61.2852289504	-378.140365748
-60.9904024426	-377.610702663
-60.6969187086	-377.082870633
-60.351467354	-376.461898952
-60.0518457722	-375.925277857
-59.7459757163	-375.37840286
-59.4438440637	-374.838607936
-59.1421739893	-374.300033717
-58.8400118178	-373.759628442
-58.5363123242	-373.215683131
-58.2351496045	-372.676254417
-57.9329035096	-372.135116725
-57.6306497887	-371.593734889
-57.3270227732	-371.050155788
-57.0210001287	-370.502426297
-56.7171747518	-369.957748563
-56.415596231	-369.417465359
-56.1114466024	-368.873642117
-55.8066026996	-368.328842312
-55.5041315374	-367.788314967
-55.2021944358	-367.248153832
-54.900207742	-366.70750442
-54.596325142	-366.163803248
-54.2932321851	-365.622543484
-53.9872095414	-365.076400904
-53.6844408356	-364.534774926
-53.3804666817	-363.990097194
-53.0784494719	-363.449447782
-52.765800698	-362.921615748
-52.2654344874	-362.263656763
-51.9096910793	-361.782211449
-51.5124094319	-361.341659691
-51.0697519601	-360.973007351
-50.588070138	-360.675399928
-50.0766641907	-360.451645046
-49.5623094861	-360.232650904
-49.0482370673	-360.0159761
-48.5128099743	-359.870590356
-47.9841463401	-359.812973167
-47.4543421112	-359.836410671
-46.9464800198	-359.937118678
-46.4307977993	-360.033798363
-45.908897622	-360.134872586
-45.4149095846	-360.305526883
-44.9667856531	-360.545639184
-44.5257265395	-360.797836452
-44.0635530785	-361.03990188
-43.593284828	-361.291000515
-43.1152384103	-361.545272974
-42.6221506417	-361.805038599
-42.1273271856	-362.065414572
-41.6287157368	-362.329574734
-41.1175730057	-362.600204618
-40.6005060516	-362.872787622
-40.0793077773	-363.147079616
-39.5480425184	-363.427353052
-39.0130083396	-363.709091336
-38.4732973402	-363.992904811
-37.9371149369	-364.27391067
-37.3962404563	-364.556869654
-36.8472597447	-364.845199734
-36.2904627151	-365.138656766
-35.7372820212	-365.4300386
-35.188320381	-365.718979032
-34.639629585	-366.008407744
-34.0898973763	-366.298690941
-33.5370638196	-366.590316917
-32.9868433317	-366.881088404
-32.4334833454	-367.173446804
-31.8801462477	-367.465683131
-31.3307611769	-367.755722194
-30.7805673903	-368.047226099
-30.2371179883	-368.343734887
-29.6922647785	-368.637313993
-29.1464197456	-368.93077102
-28.5998575516	-369.224105984
-28.062443001	-369.528427274
-27.5436861349	-369.84153762
-27.0080225299	-370.157577661
-26.4304010703	-370.498764189
-25.8957331007	-370.815048367
-25.3584024729	-371.133896023
-24.8264581998	-371.449569847
-24.2909891447	-371.767196804
-23.7573129957	-372.083847193
-23.2246134107	-372.399765164
-22.6903230982	-372.716781764
-22.1554415056	-373.034286649
-21.6186487504	-373.352035668
-21.0828516314	-373.669174341
-20.5464517908	-373.987045436
-20.010479195	-374.304672389
-19.4734537434	-374.622787625
-18.932403786	-374.943588405
-18.3952905956	-375.26219192
-17.853965981	-375.583358913
-17.3115503622	-375.905136255
-16.7749750451	-376.223617705
-16.2353517848	-376.544052272
-15.6997606574	-376.862411649
-15.1622507393	-377.182113794
-14.6300012906	-377.498397974
-14.0945703832	-377.816391141
-13.5561945256	-378.136459498
-13.0209467243	-378.454696803
-12.4862634962	-378.772689967
-11.9469797448	-379.093490747
-11.4118463814	-379.411361843
-10.8774416262	-379.728500514
-10.3431627566	-380.045883325
-9.8043672872	-380.366073756
-9.26461051055	-380.686874536
-8.73080084985	-381.004013211
-8.19499610137	-381.314804228
-7.64912818145	-381.600814967
-7.1044733366	-381.895736843
-6.56355689373	-382.187606957
-6.02059577219	-382.48033157
-5.46835730795	-382.778183131
-4.91981910082	-383.073837427
-4.37304328219	-383.368637234
-3.82638953428	-383.662826688
-3.27701972221	-383.958847195
-2.72480414656	-384.256210477
-2.18035529379	-384.549911645
-1.62958167156	-384.846908716
-1.08123420051	-385.142318874
-0.523319465225	-385.443100124
0.0253102955176	-385.739120631
0.660281913821	-386.081649926
1.21158196335	-386.379135279
1.76121117483	-386.675521999
2.30880333635	-386.970688014
2.85702873918	-387.266220241
3.40538384323	-387.561752469
3.95177819068	-387.856186059
4.50155998993	-388.152572779
5.04938103503	-388.447982937
5.60438896879	-388.747177272
6.15137841005	-389.042099148
6.70437981444	-389.340316921
7.25150658411	-389.635116724
7.8109471958	-389.936508327
8.36446740001	-390.234848171
8.9134557416	-390.530502468
9.4729039853	-390.832016141
10.022166985	-391.128158719
10.5744741141	-391.425888208
11.1244771643	-391.722519068
11.673961417	-392.018905787
12.2259328528	-392.31700149
12.7770040202	-392.614242701
13.3245046302	-392.909896998
13.8781316441	-393.208480982
14.4313008959	-393.507187038
14.9816548999	-393.804062037
15.5306356113	-394.100448756
16.0798757256	-394.396713404
16.6274449985	-394.692245633
17.1787450477	-394.989608911
17.7295949628	-395.286728055
18.2788121873	-395.583114771
18.8382833186	-395.884872586
19.3874929129	-396.181015164
19.9418752369	-396.479965357
20.4953344034	-396.778305203
21.0452535324	-397.074691921
21.5944020911	-397.371200709
22.1345174486	-397.691757351
22.6711385429	-398.010605008
23.2019765541	-398.324447779
23.734935539	-398.64036575
24.2691915196	-398.957016136
24.8064458556	-399.275619658
25.3465078047	-399.595688014
25.8796498942	-399.911972195
26.4242894806	-400.207016142
26.9873311686	-400.426986843
27.547542352	-400.632064969
28.1701009445	-400.869369654
28.734233635	-401.081405787
29.304408806	-401.284164577
29.8876378712	-401.418319849
30.4643666918	-401.529159693
31.043117302	-401.65184036
31.7222097098	-401.788803248
32.3202779458	-401.846908716
32.903911368	-401.823959499
33.4673421542	-401.731186062
34.0328176194	-401.652572781
34.6005437538	-401.571273956
35.2428701101	-401.41014114
35.7706716211	-401.210312036
36.3000447912	-401.03135696
36.8380239173	-400.848251492
37.3892018973	-400.653671414
37.9042165441	-400.404403833
38.3977468184	-400.123520044
38.8963811583	-399.860336449
39.404231805	-399.589584498
39.9200551689	-399.311630397
40.4075734801	-398.987655785
40.8341634453	-398.608505395
41.2324636144	-398.213363796
41.6425511999	-397.829086452
42.0545461357	-397.427841334
42.4114873579	-396.987289575
42.7403066345	-396.53587356
43.0859944996	-396.087753443
43.4337880784	-395.633041531
43.788188713	-395.169784691
44.1281545344	-394.693222191
44.4263570475	-394.201522975
44.7382314369	-393.717147978
45.0548513095	-393.22312942
45.3733022392	-392.724838402
45.685069817	-392.213607935
45.9612081217	-391.695053249
46.2501790704	-391.178573756
46.5413930574	-390.656234889
46.8319966962	-390.134140163
47.1253774334	-389.607040554
47.4216573413	-389.075180201
47.7175557772	-388.544052271
48.0180013337	-388.004501489
48.3187368083	-387.464584497
48.6217916179	-386.920395047
48.9227941198	-386.379867702
49.226245657	-385.834945824
49.5688283611	-385.219833522
49.873210684	-384.673568876
50.1785695731	-384.125229029
50.484035271	-383.576645045
50.7920644446	-383.027084498
51.0996663743	-382.481308133
51.4052617738	-381.928329613
51.7057149579	-381.379379421
52.0048482582	-380.836166529
52.3069265067	-380.294906762
52.6068608939	-379.755722193
52.9080922762	-379.212997582
53.2096364668	-378.671005396
53.511287468	-378.129745631
53.8026845618	-377.586044457
54.0740773838	-377.035385279
54.3521230394	-376.487045435
54.6283528976	-375.94017044
54.9079396885	-375.386093287
55.1871755299	-374.832382347
55.4678762119	-374.275375518
55.7257497472	-373.712387229
55.9642598797	-373.145736842
56.2084767988	-372.583969265
56.4536702788	-372.017074733
56.6936299956	-371.443100124
56.8668782889	-370.859115748
56.9758565592	-370.273544454
57.0997426679	-369.695907739
57.2201039962	-369.112045437
57.2823140781	-368.523300318
57.2972524347	-367.943710477
57.3297231363	-367.361313015
57.3600270926	-366.770248563
57.3895986262	-366.170639189
57.4194142983	-365.566024927
57.430476922	-364.962631372
57.3751638103	-364.367904812
57.3294637385	-363.776474144
57.2843282399	-363.178085475
57.2314717938	-362.572494653
57.1156728439	-361.983261254
56.9262960113	-361.429794458
56.7464254078	-360.876327661
56.5687520687	-360.317123563
56.3497426675	-359.772079616
56.087184684	-359.258163598
55.8376882243	-358.733139188
55.5760762866	-358.205063014
55.2592275318	-357.717758325
54.8763234788	-357.248520047
54.5263555215	-356.798813013
54.1363637622	-356.399154808
53.7051274938	-356.054306176
53.286937492	-355.698105005
52.8610952062	-355.334823755
52.4291036298	-354.968734889
51.9915349642	-354.59837356
51.5495565126	-354.223983913
51.1030843434	-353.845077659
50.6519963912	-353.461410671
50.1963994667	-353.073593287
49.7368123701	-352.682480006
49.2768895801	-352.291488791
48.813495415	-351.898544458
48.3286168734	-351.523422386
47.8435857468	-351.16551223
47.3622701331	-350.803939965
46.8760259331	-350.44090286
46.3857839262	-350.084823758
45.8653676677	-349.785629423
45.3491017985	-349.497055202
44.8340718925	-349.201767113
44.3107793506	-348.903915553
43.7828176185	-348.604477075
43.2477071454	-348.301864771
42.7075765302	-347.995102076
42.1738393486	-347.690902859
41.640880362	-347.387802271
41.099803702	-347.082260279
40.5595281292	-346.778305201
40.0171392135	-346.473129421
39.4734532993	-346.166244655
38.9262197199	-345.857040554
38.3851277996	-345.549789577
37.8491246863	-345.24595657
37.3098256772	-344.941879421
36.7714345626	-344.639145046
36.226184623	-344.332260278
35.6871450121	-344.028549342
35.1422918008	-343.721908716
34.5956304243	-343.413681175
34.0506856618	-343.105453637
33.5080678627	-342.798690942
32.9585912391	-342.488144066
32.3294027023	-342.132675322
31.7892034225	-341.827133323
31.2439763709	-341.517929226
30.7019002605	-341.210312037
30.1545751274	-340.899398951
29.5638616242	-340.564560084
29.0217778842	-340.257431178
28.4812123927	-339.951400907
27.9556386629	-339.619980008
27.4985921554	-339.242416527
27.0742223432	-338.835556179
26.6345250771	-338.434433131
26.2520558996	-338.002304225
25.9219167387	-337.539779813
25.572009819	-337.082138209
25.2178762124	-336.616806177
24.8651006392	-336.149154813
24.5110662151	-335.670639182
24.2176931069	-335.169418484
24.0020101249	-334.647934105
23.7783467945	-334.123397975
23.5705068269	-333.588607935
23.4445989302	-333.045639182
23.3999898604	-332.499374535
23.4361684489	-331.96067825
23.5493428884	-331.45079055
23.6903112102	-330.951889189
23.8141362832	-330.436508327
23.9697301555	-329.924057154
24.1963002859	-329.455063011
24.4900243463	-329.031723171
24.7989461599	-328.627182152
25.0944097197	-328.202621607
25.3981054008	-327.770858911
25.7116964039	-327.326278834
26.0105016407	-326.867538599
26.2410772026	-326.385849144
26.4848287284	-325.911239772
26.732959526	-325.434555201
26.9868657764	-324.944687034
27.2415883697	-324.45384231
27.5012242955	-323.953231958
27.7642018966	-323.445907745
28.0303762141	-322.932846217
28.3015096356	-322.411239771
28.5733831093	-321.888168483
28.8485753693	-321.358993678
29.1277272876	-320.822372584
29.4067952797	-320.28550735
29.686816948	-319.746200711
29.9759633713	-319.204452661
30.3088643731	-318.709457546
30.6408651056	-318.209579614
30.971973197	-317.706649927
31.3067815468	-317.200058132
31.6894948651	-316.617538602
31.9748418511	-316.082748561
32.2465245898	-315.545639183
32.5239980377	-315.012680202
32.7989003833	-314.480331569
33.0976216951	-313.962387233
33.407603997	-313.451400903
33.7145574283	-312.933456567
34.020160455	-312.414169457
34.2996556934	-311.879623562
34.5888631528	-311.348129423
34.8761861493	-310.817367703
35.1638829889	-310.284530788
35.4553411182	-309.745102078
35.7932164826	-309.120468287
36.0867650664	-308.577377467
36.3803060224	-308.034164575
36.6749074635	-307.489853054
36.969821708	-306.945297388
37.2645833673	-306.400497586
37.5545919108	-305.85496536
37.8331563635	-305.298935084
38.115337151	-304.747909694
38.3971593552	-304.196884301
38.6777684852	-303.648056177
38.9625585249	-303.089828643
39.2445562063	-302.536361843
39.52827813	-301.979843286
39.8123662645	-301.423690942
40.0957219773	-300.869613797
40.3777806927	-300.317855982
40.6636617359	-299.757309111
40.9474599537	-299.201034695
41.2324025804	-298.642196804
41.5142324141	-298.089462427
41.7964131989	-297.536239772
42.0848119432	-296.971176296
42.3682820961	-296.415634302
42.6502187424	-295.862411646
42.9153630905	-295.303695824
43.1826131527	-294.748275904
43.4506948174	-294.191391138
43.719722527	-293.632064966
43.9905889206	-293.069076682
44.2593190842	-292.510727075
44.5300939247	-291.948349145
44.8017079997	-291.384750511
45.0708120045	-290.82627883
45.341937797	-290.263412624
45.648975151	-289.625961449
45.9183843306	-289.06639114
46.1891896886	-288.503524928
46.4599111257	-287.940902856
46.7320897733	-287.375473171
47.0025746987	-286.812851099
47.271648186	-286.252914575
47.540942925	-285.693222194
47.8106115026	-285.132309108
48.0798299483	-284.572006375
48.3489492106	-284.01206985
48.6114461583	-283.450668484
48.8643834773	-282.882431179
49.1217763601	-282.314193874
49.3756139458	-281.752548365
49.631877678	-281.18492141
49.8892705621	-280.615097192
50.1437184996	-280.052230982
50.3993947671	-279.486679228
50.6544225385	-278.922348171
50.8793142001	-278.348739769
51.1079213783	-277.783432156
51.3405034724	-277.20762649
51.5728337942	-276.632064968
51.8045919094	-276.057846217
52.0354421312	-275.484115748
52.2373159105	-274.897323756
52.4431798627	-274.322128442
52.6504094769	-273.743148953
52.8589055712	-273.159042504
53.0677449882	-272.573471217
53.2769124683	-271.988998559
53.486171501	-271.405014188
53.6971624061	-270.817123561
53.9063375166	-270.232528832
54.1166875534	-269.641098169
54.3231923757	-269.056381375
54.5307271653	-268.467514184
54.7385289848	-267.881088404
54.9500997231	-267.286605979
55.1606404947	-266.696273956
55.3689687414	-266.112289574
55.5784261391	-265.524765164
55.7872884442	-264.939193873
55.998561638	-264.346420435
56.207546011	-263.760605005
56.4165914222	-263.174179223
56.6282308275	-262.580673366
56.8386800464	-261.990829616
57.0480611493	-261.403549341
57.2772329031	-260.760971215
57.4883687664	-260.169662621
57.7017629308	-259.576278832
57.910869376	-258.989975122
58.1193502123	-258.401596218
58.3219411536	-257.817733914
58.5108602203	-257.228500512
58.707118766	-256.636459501
58.9030416171	-256.042831568
59.0985982582	-255.4501802
59.2927816088	-254.862289578
59.4531972577	-254.261703638
59.6076924963	-253.667831568
59.7648427668	-253.07530227
59.9213369056	-252.482406761
60.0797383952	-251.882187036
60.2362325373	-251.28953567
60.3949849777	-250.688583521
60.553157584	-250.089828638
60.7044942545	-249.483383326
60.8294027013	-248.880478053
60.9619710618	-248.282333522
61.093806998	-247.684555205
61.2479207688	-246.984848172
61.3809163739	-246.381332544
61.5163533845	-245.766586452
61.6492421801	-245.163314969
61.7824666658	-244.557235864
61.916332024	-243.947494653
62.0517079991	-243.330795432
62.1567037272	-242.727279811
62.264247673	-242.115219265
62.3714254076	-241.511459498
62.4960286797	-240.805771021
62.5824544606	-240.197250513
62.6618001636	-239.588119655
62.743892447	-238.983749537
62.8263204262	-238.373642113
62.8956563636	-237.763412625
62.9304006266	-237.161605984
62.9758413007	-236.559066917
63.0065267248	-235.952865746
63.0033071211	-235.35594192
63.011272209	-234.753402858
63.0183980649	-234.146469261
63.0251424495	-233.536483912
63.0505330734	-232.930282741
63.0709340757	-232.324447779
63.0918843911	-231.715438995
63.1132009203	-231.105941918
63.1363332425	-230.445907739
63.1577718407	-229.82872024
63.1796529447	-229.196762231
63.2015645679	-228.569198758
63.2282216727	-227.949691921
63.293910758	-227.345810084
63.3495900795	-226.738754422
63.4061544123	-226.129135278
63.4634816825	-225.518783716
63.485225457	-224.907455596
63.5028035826	-224.303085476
63.5235402756	-223.688705591
63.5435750658	-223.068100125
63.5633199393	-222.45750442
63.5836293867	-221.830429226
63.6036336588	-221.211654808
63.6236379314	-220.592147975
63.6434590977	-219.973617698
63.6633718174	-219.353378446
63.6836354893	-218.728866725
63.7039907139	-218.105697783
63.7242849033	-217.480209496
63.7444875421	-216.857650903
63.7647054361	-216.236435084
63.7849233308	-215.614853055
63.8050801924	-214.993515164
63.8253743832	-214.36778274
63.8456227947	-213.741195826
63.8660237961	-213.110336455
63.8860738438	-212.490463404
63.9060476009	-211.872055199
63.9261739419	-211.251449736
63.9466054623	-210.621322777
63.9669606841	-209.994247583
63.9871480639	-209.371811059
64.0075032881	-208.744491725
64.0276448901	-208.123886255
64.0479390795	-207.500229028
64.0681111988	-206.878646999
64.088405387	-206.251205591
64.1087148346	-205.627670438
64.1290242843	-205.00315872
64.1494863219	-204.374984887
64.169856805	-203.751571804
64.1904103924	-203.12217727
64.2108266518	-202.499252466
64.271358269	-201.888168481
64.3280294111	-201.274154809
64.3835866608	-200.661850125
64.4402730627	-200.044418485
64.4982717222	-199.413192894
64.55486657	-198.797836453
64.6120870262	-198.175521998
64.6693074881	-197.552963401
64.7259023369	-196.936874534
64.7983968429	-196.316879419
64.9131276787	-195.722763209
65.0151326834	-195.125473171
65.1202962584	-194.516830596
65.2255513836	-193.91062942
65.3305623711	-193.305893091
65.4359700846	-192.699447778
65.5104329759	-192.092758327
65.5909688651	-191.4847261
65.6716878588	-190.875229029
65.7521321931	-190.264755396
65.8335683511	-189.646957544
65.9149282143	-189.029770046
66.0090596839	-188.315536649
66.0896871264	-187.704086452
66.17205407	-187.079574734
66.2534139321	-186.463241723
66.3346517254	-185.847274927
66.3975637122	-185.234604031
66.4648549727	-184.614730984
66.5315206213	-184.000106958
66.5983388603	-183.381210474
66.6648671811	-182.765243676
66.7314565346	-182.149887232
66.7983815831	-181.531112818
66.8660390545	-180.904770043
66.9331929846	-180.281723168
67.0009725247	-179.652694852
67.0677907633	-179.034042506
67.0953481374	-178.418563993
67.1242635427	-177.800766136
67.1545369797	-177.17942825
67.1838643724	-176.561020046
67.2127034839	-175.948837426
67.2415120775	-175.333236841
67.2702748943	-174.715561059
67.2994649582	-174.092392115
67.3237569495	-173.474594265
67.3068807297	-172.864364774
67.3002431566	-172.248764187
67.2929494552	-171.640121609
67.285045402	-171.028671408
67.2771260891	-170.416732936
67.2693441087	-169.801742702
67.261455315	-169.179672387
67.2527883219	-168.50767532
67.244640129	-167.883041529
67.2365834881	-167.263900903
67.2286336597	-166.639877465
67.2207296081	-166.018173363
67.2228658374	-165.395614771
67.2315938649	-164.777694849
67.2377431564	-164.159164575
67.2440908123	-163.544418484
67.2506520931	-162.922348169
67.2572896661	-162.290756376
67.2637593908	-161.664901881
67.2701528242	-161.046737819
67.2765767755	-160.42308059
67.2830007242	-159.804428248
67.2894399351	-159.184799342
67.2891194999	-158.564560085
67.2287862465	-157.951889187
67.1725576085	-157.347885278
67.117656487	-156.738632349
67.0534017255	-156.131576684
66.9227559744	-155.536605981
66.7194478679	-154.980697776
66.4551503837	-154.468734888
66.2037923496	-153.95640579
65.9469869306	-153.434799341
65.6867177646	-152.911850125
65.4215200125	-152.379989771
65.1909444506	-151.846542504
64.9548299487	-151.311752467
64.7795674971	-150.765976101
64.6258351966	-150.215561062
64.4566610021	-149.657943872
64.3117177656	-149.096664576
64.246013419	-148.537094264
64.2347676922	-147.976425319
64.2023427653	-147.415146021
64.1715047527	-146.848251491
64.1413533863	-146.268295437
64.1112020172	-145.686508324
64.0806386652	-145.097641139
64.0497701345	-144.503646999
64.0189016034	-143.905868677
63.9874990159	-143.296737815
63.9637105644	-142.69212356
63.9648702313	-142.087265159
63.9572713545	-141.484970241
63.950420158	-140.87876907
63.9437062903	-140.268417506
63.9369466482	-139.656479031
63.9298818274	-139.021713404
63.9230916666	-138.405746607
63.916225212	-137.787338405
63.9094197932	-137.167953638
63.9026296304	-136.547470243
63.8958699876	-135.923568876
63.8891408602	-135.303451687
63.8813131017	-134.582016136
63.8744771652	-133.956771996
63.8676412275	-133.334823756
63.870937127	-132.715438991
63.8804891279	-132.095688015
63.8877523117	-131.479965357
63.8953664481	-130.86082473
63.881999747	-130.244857933
63.8626668614	-129.630844264
63.8458821942	-129.020980983
63.8297841735	-128.405990747
63.8557241131	-127.793197781
63.874446647	-127.188949733
63.8930013346	-126.575912624
63.912257927	-125.961898951
63.9315297768	-125.348251487
63.9337117842	-124.724716332
63.9246938396	-124.120834499
63.9197347319	-123.512558131
63.9139974278	-122.898788602
63.9079854653	-122.275619656
63.9020955722	-121.661605983
63.8961141278	-121.041000511
63.8901326816	-120.420639186
63.8841512365	-119.803207546
63.8783223802	-119.186874539
63.8724019702	-118.569076684
63.8662984548	-117.948593284
63.8601033869	-117.322372585
63.8540914217	-116.700912622
63.8479421301	-116.082260282
63.8416402506	-115.462631374
63.8353994075	-114.840438989
63.829463738	-114.218612819
63.8234517752	-113.598373558
63.8169973065	-112.968002467
63.8106801691	-112.345565943
63.8046529465	-111.722641138
63.79868676	-111.100204615
63.7926900557	-110.480575709
63.7866780938	-109.856796411
63.7805135414	-109.234848171
63.774211661	-108.608261258
63.7678792652	-107.956771999
63.7619893719	-107.337875513
63.7558858569	-106.712021022
63.7497670824	-106.089462431
63.7435262384	-105.448959498
63.7374227214	-104.821640164
63.7313192053	-104.199081569
63.7252462077	-103.577377467
63.7192189862	-102.955307152
63.7131612463	-102.333603051
63.7070577323	-101.706894068
63.7009542161	-101.083725121
63.6949117362	-100.461654812
63.6888082186	-99.835434108
63.6827047056	-99.2120210202
63.6766622243	-98.5915376209
63.6705434485	-97.9660493401
63.6474874193	-97.3372651604
63.5570028007	-96.7313081319
63.4752919842	-96.1347505134
63.3934743565	-95.5292817638
63.3103444746	-94.9246675032
63.2170674966	-94.3205415281
63.056529777	-93.7370454348
62.8442647615	-93.1871186807
62.6494710608	-92.6354829352
62.4487569509	-92.0744477781
62.2468526537	-91.5139009054
62.0325887375	-90.9532319596
61.7580220876	-90.4274751232
61.4861409848	-89.9070893796
61.2084920561	-89.3781587174
60.8776357358	-88.8871919201
60.5013387377	-88.4511567634
60.1375692049	-88.0058442652
59.7648732826	-87.5529634054
59.3534963314	-87.1423188699
58.9034993831	-86.7997895749
58.4614827802	-86.4521333273
58.01540734	-86.0970307873
57.5621602704	-85.738876489
57.0956533124	-85.3808442606
56.5964009928	-85.0839692652
56.0779378581	-84.8491059826
55.5714376135	-84.5993501241
55.0472524337	-84.3454438732
54.5138662031	-84.1550141829
53.968059319	-84.0369721935
53.4232442544	-83.903793483
52.8748433756	-83.7719575451
52.2559240041	-83.7006684802
51.6990926435	-83.6913911388
51.145763177	-83.6608735607
50.5839498205	-83.6613618401
50.038921134	-83.7250825469
49.4932058039	-83.7700044187
48.9381673505	-83.8152925046
48.3769262022	-83.852523949
47.8280751889	-83.825668483
47.2782323527	-83.8100434821
46.7139394445	-83.7973481719
46.144458549	-83.7834321549
45.5625798877	-83.7692719982
44.9776723551	-83.755111841
44.3921468419	-83.7626802018
43.8090169593	-83.7925874284
43.2220037153	-83.8130952385
42.6298177403	-83.8400727771
42.0539891888	-83.9301606664
41.4981191333	-84.0993501232
40.9843862235	-84.3405610612
40.500011223	-84.6037446535
40.0029943164	-84.8545991476
39.5000493684	-85.113266137
38.9928090732	-85.3752290299
38.4812276528	-85.6391450427
37.9638250045	-85.9064790285
37.4385564509	-86.1779634049
36.9015996631	-86.4080659421
36.349231497	-86.5595551999
35.7939565345	-86.6833345001
35.2400014566	-86.8227387946
34.6743734056	-86.9626313723
34.1047399207	-87.0932466094
33.5322988197	-87.1550141857
32.9653737716	-87.1707612542
32.3942067808	-87.2064057854
31.8148000409	-87.2399751223
31.2198217082	-87.2734223916
30.6278188388	-87.3068696558
30.0301244427	-87.3405610626
29.4317281421	-87.3741303966
28.8296315839	-87.4083100832
28.2186467809	-87.4426118406
27.6102025667	-87.4769135979
26.9971730872	-87.5115815657
26.3705938035	-87.5471040281
25.752719656	-87.5820161393
25.1258351967	-87.6175385988
24.5070455236	-87.6525727804
23.698184745	-87.6608735602
23.0806386649	-87.6712495345
22.4634893122	-87.6808930915
21.8461797403	-87.6907807896
21.2289388356	-87.7005464123
20.6164052654	-87.6950532454
20.0005681673	-87.6901704348
19.3851812067	-87.6860200451
18.7698323884	-87.6818696558
18.1493489924	-87.6772309798
17.5296743091	-87.6725923116
16.9108083404	-87.6680757087
16.2949788757	-87.6638032491
15.6773946463	-87.660141137
15.0537069008	-87.6564790304
14.4277913733	-87.6530610574
13.8043477697	-87.6491548112
13.1833760903	-87.6459809826
12.5614125899	-87.6426850827
11.9404714276	-87.6376802023
11.3183095623	-87.6318208282
10.6976125399	-87.626205592
10.0770986261	-87.6212007073
9.45099999249	-87.6161958235
8.82502342958	-87.6113130143
8.20315148088	-87.6074067643
7.58117272257	-87.6035005115
6.95968224341	-87.5993501241
6.32888390345	-87.5945893824
5.7106282888	-87.6039887955
5.10789086239	-87.6800385984
4.50606896187	-87.7530366429
3.91053368384	-87.847519068
3.34194542724	-88.0151216085
2.80862023134	-88.2541352771
2.2371328054	-88.591781761
1.73456932907	-88.8701020787
1.22631432372	-89.1557466085
0.745372552192	-89.4756928957
0.315532462904	-89.8578950437
-0.048893195577	-90.2902680929
-0.368107063579	-90.7411958263
-0.703190071858	-91.1796723884
-1.03763221059	-91.628158717
-1.32100318151	-92.1091157459
-1.52847693634	-92.6179048116
-1.71214698034	-93.1280366457
-1.91331885412	-93.6364594982
-2.08357642405	-94.1630708277
-2.17465613666	-94.707016136
-2.27272437315	-95.2649995377
-2.37212012586	-95.8002778539
-2.41798804409	-96.4299165304
-2.45378516393	-96.9704438737
-2.49644874001	-97.5203706305
-2.53865455074	-98.075058131
-2.57970069	-98.6375581296
-2.56637976819	-99.199691921
-2.53976844007	-99.7595063755
-2.52345679328	-100.320541528
-2.50546668237	-100.887802271
-2.48709510179	-101.462143092
-2.46809790866	-102.052719263
-2.4491770094	-102.642318871
-2.42982886505	-103.242660669
-2.41043494456	-103.84349075
-2.39097998844	-104.446518092
-2.37111304497	-105.060897973
-2.35118506534	-105.674179225
-2.33115027659	-106.287094265
-2.31093238189	-106.903915552
-2.29063819139	-107.521469263
-2.27025244816	-108.140854031
-2.24962256546	-108.767929226
-2.25001929642	-109.381698755
-2.27421973494	-109.991928248
-2.28992102807	-110.603500514
-2.30670569674	-111.221664577
-2.32355139835	-111.838485866
-2.34056494967	-112.455795434
-2.35767005244	-113.076034695
-2.37509558978	-113.707992704
-2.39224646962	-114.329330595
-2.40964148613	-114.957260278
-2.42706702545	-115.580551297
-2.44449256081	-116.207260276
-2.46170447662	-116.831039579
-2.47890113184	-117.454818871
-2.49609778635	-118.077011256
-2.51324866468	-118.699691918
-2.53056739178	-119.326156761
-2.54791663372	-119.955307152
-2.56505225523	-120.578476098
-2.55652259191	-121.197738797
-2.54755042295	-121.822250514
-2.53979895811	-122.439682153
-2.53157447069	-123.061264188
-2.52315161913	-123.684311063
-2.51480506262	-124.30284133
-2.50645087543	-124.919784694
-2.49795172806	-125.555771022
-2.48971198179	-126.176498564
-2.48148749431	-126.799179224
-2.47327826649	-127.425277858
-2.46521399834	-128.044906764
-2.45698188024	-128.669662623
-2.44877265091	-129.296371609
-2.44062445813	-129.920639186
-2.43267463002	-130.540512232
-2.42458747141	-131.169540551
-2.41650031123	-131.79331985
-2.40843604249	-132.416610864
-2.40045569575	-133.04344192
-2.39251349575	-133.667343285
-2.38446448534	-134.289657741
-2.37630866247	-134.916732937
-2.36822913401	-135.53977981
-2.36019538238	-136.162460476
-2.3521692573	-136.786605981
-2.34420417098	-137.408920435
-2.33621619316	-138.035995632
-2.32831977273	-138.663314965
-2.32049201324	-139.284408716
-2.31263373618	-139.906967309
-2.30482123559	-140.530990746
-2.29706214264	-141.160873563
-2.28952430084	-141.779770046
-2.28210852819	-142.401107934
-2.27435706463	-143.028793481
-2.26707099023	-143.654281765
-2.26048682362	-144.277572779
-2.25394843228	-144.897934109
-2.24584601505	-145.527084497
-2.23668311228	-146.15232864
-2.22786353237	-146.774643092
-2.21956275223	-147.400619658
-2.21111701237	-148.025131372
-2.20293830265	-148.647812039
-2.1956751183	-149.267440945
-2.18782446999	-149.894638206
-2.17992041825	-150.515487819
-2.17198584788	-151.1364595
-2.16279242688	-151.760482935
-2.15303443157	-152.388656764
-2.14358924166	-153.014145045
-2.1343805627	-153.635116725
-2.12524817593	-154.256942895
-2.11706183595	-154.883041528
-2.10935614788	-155.503891138
-2.10113166168	-156.126205594
-2.09229682281	-156.790268091
-2.08372138155	-157.410873558
-2.07494757924	-158.038070827
-2.06639502704	-158.672592312
-2.05808661634	-159.29637161
-2.04989264684	-159.918441921
-2.04163764272	-160.538803249
-2.03344367346	-161.166000512
-2.0253717716	-161.787338403
-2.01715491584	-162.409896998
-2.00879309804	-163.032211452
-2.00071357074	-163.655502465
-1.99154303729	-164.380111842
-1.98317359318	-165.002914576
-1.97476600012	-165.626571799
-1.96679328056	-166.250717311
-1.95885108144	-166.882553249
-1.95090125385	-167.506332547
-1.94314215798	-168.129867701
-1.93564246339	-168.754013211
-1.92773841112	-169.386459498
-1.91997931758	-170.016342314
-1.91268561454	-170.640365748
-1.90518592042	-171.26573196
-1.89747260325	-171.894394066
-1.88923285622	-172.519027857
-1.88042090577	-173.14073196
-1.87179206149	-173.764267116
-1.86442206631	-174.395980982
-1.85744117061	-175.018539577
-1.84912513045	-175.638290551
-1.84009955707	-176.259506374
-1.8306238479	-176.884628443
-1.82056067645	-177.505966334
-1.80953620223	-178.131332548
-1.79817603389	-178.752060084
-1.78818152577	-179.377182157
-1.77938483621	-180.005111841
-1.77115271776	-180.627060084
-1.762165291	-181.247055202
-1.75309394021	-181.864853052
-1.74438117282	-182.487289578
-1.73631690093	-183.107650905
-1.72806189774	-183.728988796
-1.71932624176	-184.355209497
-1.71065161872	-184.978500512
-1.69997809641	-185.702377467
-1.69069312327	-186.32420364
-1.68143866601	-186.947860864
-1.67287848616	-187.572250512
-1.66461585287	-188.201156762
-1.65660498745	-188.823959499
-1.64837287215	-189.450058128
-1.63953803328	-190.079208519
-1.63070319488	-190.702133325
-1.62224982458	-191.322372585
-1.61401007866	-191.945663599
-1.60573218612	-192.568222195
-1.59724066971	-193.195175318
-1.5887033756	-193.823715359
-1.5803644493	-194.451889186
-1.57204840891	-195.07127395
-1.56358741032	-195.692367701
-1.55527899996	-196.316024926
-1.54684088862	-196.949691921
-1.53840277903	-197.577865747
-1.48366950185	-198.197616725
-1.40391181165	-198.807113792
-1.33385871211	-199.417343287
-1.21432135941	-200.01170364
-1.02145026356	-200.572006375
-0.759281380917	-201.09056106
-0.468090278388	-201.582626488
-0.190426093759	-202.082260282
0.0949056311511	-202.5862886
0.387134330464	-203.100082544
0.680347221438	-203.614242702
1.00854088564	-204.108139186
1.42953850538	-204.638656764
1.77993370738	-205.104843289
2.13869072683	-205.569564969
2.5439565354	-205.995590359
2.94182946091	-206.416977076
3.34666039294	-206.848861842
3.75338341529	-207.280502469
4.16244103212	-207.714706569
4.57716729084	-208.152084497
5.03043724626	-208.54734817
5.49250389874	-208.91099563
5.95030571648	-209.288314966
6.41774346295	-209.659652856
6.92206933	-209.974716335
7.45186211285	-210.213119654
7.98526360333	-210.426986844
8.51714684197	-210.654037626
9.05282952031	-210.879135281
9.59580589982	-211.105087428
10.1559560474	-211.283554224
10.7202642123	-211.381088407
11.2760579759	-211.482406763
11.8893544839	-211.599105984
12.4595678005	-211.706039576
13.0378911672	-211.811020045
13.6192434	-211.860580593
14.1980779343	-211.862289578
14.7741048494	-211.881820825
15.356754081	-211.900009301
15.9434163748	-211.918441917
16.5382650067	-211.935653835
17.1377217955	-211.950912626
17.7399556802	-211.967025906
18.348499077	-211.985824732
18.9566304867	-212.003646997
19.5759999921	-212.022812037
20.1902425463	-212.04002395
20.8087804493	-212.053451684
21.4336202316	-212.068344262
22.0566442187	-212.086410674
22.6769292513	-212.105941921
23.2996251744	-212.124862819
23.9169576348	-212.142563014
24.5396917029	-212.159286649
25.1607930831	-212.140365749
25.7650411292	-212.120102079
26.3738668143	-212.101791529
26.9947621991	-212.080551294
27.6089742354	-212.060409694
28.2255284955	-212.040756371
28.8375356372	-212.04026809
29.4533040688	-212.034408719
30.0733602213	-212.028793481
30.6978185334	-212.022689966
31.4167440111	-212.015976099
32.0337331456	-212.010482935
32.6562993684	-212.005233909
33.2802617715	-211.999984887
33.9083287874	-211.995102075
34.5281331702	-211.989608912
35.147502676	-211.983383326
35.7644078905	-211.975570831
36.3861959141	-211.967880399
37.0094564123	-211.961654813
37.6334493322	-211.957382348
38.2661702814	-211.952865748
38.8879888218	-211.947738795
39.5116918269	-211.942245633
40.1321828542	-211.937240749
40.7541997613	-211.932602076
41.364681022	-211.961654809
41.9731710122	-211.995102074
42.6535909337	-212.029159693
43.2696035071	-212.061020045
43.8859899206	-212.093002467
44.5100667644	-212.125229031
45.1307714152	-212.157089382
45.7468068762	-212.22312942
46.3288686449	-212.353988793
46.9141957929	-212.47264114
47.5046651543	-212.592025903
48.103206414	-212.715927272
48.6735036554	-212.886459497
49.2025716472	-213.122299342
49.739986198	-213.355941921
50.2868230508	-213.59068313
50.806453484	-213.859115746
51.3155019452	-214.139022973
51.8349416421	-214.415756375
52.3315465627	-214.729232937
52.765315788	-215.095932155
53.1399495769	-215.516952663
53.4580800693	-215.967514185
53.7933690718	-216.405746608
54.1323812174	-216.852279813
54.4565084146	-217.313217312
54.7119023973	-217.813217309
54.8837392489	-218.327377466
55.0628774331	-218.838852079
55.2518727934	-219.355575712
55.4356954269	-219.87937942
55.55511071	-220.412582546
55.6568257974	-220.943832544
55.7741964032	-221.485458522
55.8909108795	-222.030990751
56.0087850257	-222.585067898
56.0881612462	-223.149398953
56.0902517015	-223.699569849
56.1020467449	-224.247665556
56.1184957189	-224.805648951
56.1331594163	-225.374008326
56.1061513593	-225.937240745
56.0476033851	-226.494247583
56.002956169	-227.05943313
55.9561727222	-227.630844262
55.9084127127	-228.210556174
55.8588216483	-228.798080591
55.8087728196	-229.390731955
55.7585103676	-229.98826614
55.7087819733	-230.586044461
55.6800344157	-231.185165553
55.6447255788	-231.789535668
55.6029317558	-232.48789993
55.5655324622	-233.100937038
55.5291249931	-233.714706565
55.4920003589	-234.334701688
55.4529988942	-234.95030227
55.4138448401	-235.566757348
55.3772847828	-236.188949733
55.3410298995	-236.815414575
55.3041646652	-237.438461453
55.235149162	-238.046005398
55.10955407	-238.631210477
54.9981038743	-239.224716334
54.8854940105	-239.820297389
54.772716301	-240.416366723
54.6793630308	-241.021591334
54.6079900441	-241.627060085
54.5284078281	-242.230941922
54.4508855511	-242.83250442
54.3727986984	-243.446518091
54.2961003959	-244.054794459
54.2183416054	-244.67259231
54.1411855391	-245.28855911
54.0571553878	-245.905136255
53.9113652881	-246.493271024
53.7536733306	-247.076400903
53.6028630914	-247.661361841
53.4480779344	-248.251083521
53.2904622717	-248.849350123
53.134700553	-249.442733915
52.9789922424	-250.039047388
52.8216741257	-250.642318872
52.6647756265	-251.24290481
52.5064351741	-251.848251488
52.3489339518	-252.450180199
52.190624016	-253.05442825
52.0254476246	-253.653793483
51.8614385305	-254.251205589
51.6979329757	-254.850326685
51.5346791912	-255.450058132
51.3702733678	-256.048202661
51.1678884203	-256.624008326
50.9700200732	-257.203476099
50.7738759693	-257.780258327
50.5757787399	-258.360824734
50.3791463544	-258.940658717
50.1642110511	-259.515121607
49.9552114162	-260.088974147
49.7422750156	-260.668686063
49.5313070004	-261.243515161
49.3189656909	-261.823105006
49.0886342686	-262.452865747
48.8763234777	-263.033554225
48.6617849051	-263.620346217
48.4493062655	-264.202133324
48.2367589639	-264.783920436
48.0208470983	-265.372177271
47.8057134333	-265.957748559
47.5916936558	-266.541732934
47.3800466229	-267.124496609
47.1700780544	-267.70701614
46.9587209406	-268.290023953
46.7344777754	-268.865097193
46.5040013961	-269.44078079
46.2790029208	-270.012680201
46.053508536	-270.587265163
45.8245732958	-271.168686062
45.5887029337	-271.743148949
45.3347661677	-272.295272978
45.0894429846	-272.855087427
44.8401067434	-273.421493674
44.5914189985	-273.983139184
44.341205375	-274.550033716
44.0922200845	-275.115829614
43.8421895669	-275.682357935
43.592838067	-276.243759301
43.3436391526	-276.808090359
43.0910909356	-277.381210477
42.835231561	-277.958847192
42.5823171311	-278.529770044
42.2941396415	-279.187240748
42.0483968422	-279.749374534
41.7969701466	-280.322494659
41.5456807779	-280.893783718
41.296016471	-281.461410667
41.0438115772	-282.034042504
40.7921712572	-282.604110867
40.5407293	-283.17234817
40.2869527524	-283.746933134
39.9954335846	-284.407699731
39.7428243334	-284.980697779
39.4926717458	-285.547714381
39.2376821201	-286.124008326
38.9680211713	-286.683700707
38.7057759941	-287.242660671
38.4421651536	-287.803817897
38.1787831949	-288.364242704
37.9102437661	-288.921981961
37.6396825488	-289.482895047
37.3670003574	-290.049789577
37.0994146054	-290.605209495
36.7830693879	-291.228744653
36.5020177547	-291.777328639
36.2224004429	-292.325912622
35.9408300106	-292.877670434
35.6602361375	-293.427719264
35.3759343782	-293.984848171
35.0942266157	-294.536605983
34.8117253942	-295.089828639
34.5290792156	-295.643417508
34.244724052	-296.200668482
33.9594228436	-296.759140165
33.6782720245	-297.30967727
33.3930318532	-297.86802688
33.108752982	-298.424179224
32.8222615892	-298.984726099
32.5372121498	-299.543197777
32.2489812544	-300.101181181
31.9525716486	-300.637191919
31.6595800094	-301.180404811
31.3678777381	-301.721054225
31.0745732945	-302.264022976
30.7798116369	-302.80918899
30.4831044841	-303.358505395
30.1875264822	-303.906479028
29.892131583	-304.453964381
29.5946538617	-305.004745631
29.3005483315	-305.549789574
29.0036275566	-306.100326687
28.709743278	-306.645736841
28.4118764558	-307.197982936
28.1167028121	-307.744125514
27.8175924002	-308.297592309
27.5200460129	-308.84849563
27.2235524835	-309.397689965
26.9277761147	-309.945175317
26.6313359913	-310.494003444
26.3344228439	-311.044174342
26.0364949887	-311.596542509
25.7406804736	-312.144760279
25.4430120161	-312.696762232
25.1477849643	-313.243881376
24.8512456592	-313.793441917
24.5553319632	-314.342270045
24.2564733203	-314.896347194
23.9624135662	-315.441391138
23.6680410076	-315.98716751
23.3731267622	-316.533920436
23.0766179741	-317.082870631
22.7800023721	-317.632187034
22.3496434864	-318.428939971
22.0530660313	-318.977646025
21.7546041169	-319.530014187
21.4603765187	-320.074447779
21.1653630889	-320.620590357
20.8671605751	-321.172348171
20.5711171814	-321.719955591
20.2707555457	-322.275253442
19.9742543856	-322.823471215
19.6797139811	-323.368637232
19.3839452426	-323.916977075
19.0887181922	-324.464950709
18.7935750651	-325.012069849
18.4965627367	-325.561996605
18.2002904585	-326.110946804
17.9051397013	-326.658554226
17.6093862243	-327.207138211
17.3233220741	-327.755600122
17.0457952186	-328.304916529
16.7620351487	-328.860458524
16.4785573659	-329.416977078
16.1977727578	-329.968246609
15.9357259431	-330.52464309
15.6826360392	-331.080795436
15.4263799353	-331.636703637
15.1713826832	-332.192733913
14.9555776293	-332.760482934
14.7365377116	-333.324813989
14.5152623827	-333.892563011
14.2931554479	-334.463852076
14.0705068269	-335.036483915
13.8452947304	-335.615829618
13.6182210614	-336.19981399
13.3933370278	-336.778061062
13.1677816079	-337.358383329
12.9424245525	-337.938217312
12.7169835727	-338.518173367
12.491306085	-339.098739771
12.2638662028	-339.684311059
12.0187795344	-340.249740747
11.773914115	-340.809188989
11.5295217199	-341.372055201
11.2818181672	-341.941635281
11.019222038	-342.50010696
10.7247121504	-343.025253447
10.4410512621	-343.557724147
10.15288903	-344.095321803
9.86101891333	-344.638290553
9.56731011218	-345.185043484
9.27742363705	-345.724472191
8.95683647844	-346.321273951
8.66407372255	-346.865829615
8.36954857566	-347.413070827
8.07405449613	-347.962265162
7.77933861531	-348.510116725
7.43732811592	-349.145736841
7.14310814615	-349.692855981
6.84899498825	-350.239486844
6.55044914922	-350.795028837
6.25638176652	-351.342514187
5.96299340174	-351.889022973
5.66913201206	-352.436020046
5.37644554768	-352.981308132
5.08156945009	-353.531112819
4.78575493605	-354.083114771
4.4918706583	-354.631210476
4.19755913474	-355.178817895
3.90397240513	-355.724105982
3.60784508404	-356.274154811
3.31207634602	-356.823349143
3.01313378254	-357.377548367
2.71525170014	-357.930160671
2.42009331496	-358.478256372
2.12247826275	-359.030990749
1.82599999337	-359.580673367
1.53137566429	-360.128524927
1.23615624174	-360.678451685
0.942348259385	-361.225570829
0.646541374619	-361.776962428
0.350246207556	-362.329086449
0.0555989911663	-362.877670438
-0.24103186815	-363.42991653
-0.535862190532	-363.979965357
-0.829349739011	-364.526718284
-1.12643836346	-365.07469192
-1.43710730685	-365.609726099
-1.7401926351	-366.145004418
-2.04636023781	-366.684921413
-2.35563300317	-367.230453639
-2.66249488003	-367.771957545
-2.96873877861	-368.311874536
-3.27385352232	-368.849594263
-3.57987616747	-369.388656761
-3.8868067101	-369.928817897
-4.19523261336	-370.47190872
-4.50510047236	-371.018051295
-4.81376288628	-371.561996606
-5.12091467925	-372.103256371
-5.42982886545	-372.647323757
-5.74084113201	-373.195297388
-6.12909339147	-373.878646998
-6.43950293725	-374.424301297
-6.74575446255	-374.962753442
-7.05241797684	-375.501938012
-7.36026404443	-376.044174343
-7.66907904996	-376.588241723
-7.97481177573	-377.127182153
-8.28186438687	-377.66807571
-8.59004614991	-378.210678248
-8.89781592449	-378.752670438
-9.20532630279	-379.294296411
-9.51287863846	-379.83616653
-9.82221244066	-380.381210472
-10.1293337193	-380.922592311
-10.4366228405	-381.464096221
-10.7444994274	-382.007187036
-11.0524484939	-382.55015579
-11.3625604948	-383.097030785
-11.670456154	-383.639755395
-11.9772836986	-384.180771019
-12.2849848099	-384.723129419
-12.5944864576	-385.269027854
-12.9025347069	-385.811874539
-13.2099573439	-386.353744652
-13.5174829785	-386.896225121
-13.8269579251	-387.442245631
-14.1318666763	-387.98057571
-14.4385607087	-388.521835475
-14.7472727125	-389.066757354
-15.0556528402	-389.610458522
-15.36203788	-390.150741727
-15.6711351712	-390.695541529
-15.9770548185	-391.234359892
-16.2838976202	-391.774643096
-16.5917475048	-392.316635276
-16.9008524236	-392.860946804
-17.2062113117	-393.398666528
-17.5152590094	-393.942733915
-17.8207475963	-394.48069778
-18.1308138191	-395.026718287
-18.4410402598	-395.572982935
-18.7484705268	-396.114242704
-19.0576975179	-396.658432154
-19.3649408635	-397.19956985
-19.6716348943	-397.739486838
-19.9775430997	-398.278061062
-20.2848932576	-398.819320829
-20.5902979187	-399.356918484
-20.8963777854	-399.895980984
-21.2036135027	-400.436874535
-21.579002603	-401.098007348
-21.8887026146	-401.643661645
-22.1992380463	-402.189926293
-22.5097009974	-402.735824734
-22.8162081083	-403.274765164
-23.1243135768	-403.81663528
-23.4323427511	-404.358261255
-23.7433931659	-404.904770046
-24.0541918109	-405.450668481
-24.3622019113	-405.992416529
-24.6709711386	-406.535629423
-24.9779321991	-407.07542434
-25.2883341138	-407.621688994
-25.5965959859	-408.163681176
-25.903843148	-408.704208521
-26.2111246422	-409.245224145
-26.5177843396	-409.785873558
-26.8249742824	-410.326889185
-27.1318247154	-410.867660666
-27.4390756895	-411.408798363
-27.7464411088	-411.950302271
-28.056362375	-412.496322779
-28.3612329788	-413.033554225
-28.6680414517	-413.574447779
-28.9771692577	-414.119613795
-29.2822382287	-414.657577663
-29.5876886672	-415.195663598
-29.8927271191	-415.733139186
-30.2022058791	-416.278549341
-30.5076906518	-416.817123562
-30.81245063	-417.354355005
-31.1154978102	-417.897323755
-31.4145815197	-418.438461451
-31.7165415127	-418.982772977
-32.0202104871	-419.529770046
-32.3212625809	-420.071884301
-32.6223871541	-420.614120631
-32.9235842056	-421.156723168
-33.2255213085	-421.700058129
-33.5272791205	-422.24302688
-33.829879982	-422.787582543
-34.114647133	-423.337387231
-34.3872873624	-423.884140165
-34.6629984219	-424.42967239
-34.9405405355	-424.980453638
-35.2227556544	-425.540878443
-35.5091631236	-426.09898391
-35.8323252041	-426.614730984
-36.1520654975	-427.139877466
-36.4684336032	-427.660995634
-36.813217383	-428.227157741
-37.1211893407	-428.768051292
-37.3853723838	-429.319442896
-37.658706888	-429.85948196
-37.9362833333	-430.411483915
-38.2147295299	-430.967147976
-38.4885675731	-431.512802271
-38.7632410349	-432.059921415
-39.0504648506	-432.607040555
-39.3364946666	-433.142318873
-39.6252710655	-433.686508326
-39.9179384529	-434.233505396
-40.2129480657	-434.78257766
-40.5059015587	-435.332382349
-40.7947199176	-435.879379421
-41.085529549	-436.429184105
-41.3772623364	-436.978866727
-41.6685449901	-437.527938991
-41.9594347298	-438.077621608
-42.2527887656	-438.632064965
-42.542873604	-439.179550315
-42.8443529431	-439.730941919
-43.1383783638	-440.273422389
-43.4334833465	-440.817611842
-43.7303850483	-441.364975121
-44.026298744	-441.910995635
-44.3213598538	-442.455551295
-44.6204492891	-443.007187037
-44.916792136	-443.553451686
-45.2140428848	-444.100814966
-45.5109636608	-444.647445824
-45.8105585402	-445.198471216
-46.1083509756	-445.745956564
-46.4044382396	-446.290268091
-46.7031481096	-446.839096215
-47.0011122049	-447.386825709
-47.2995588616	-447.935409694
-47.5978929823	-448.483383327
-47.8973505335	-449.033798363
-48.1954691221	-449.58226028
-48.4955313031	-450.134018095
-48.7941248235	-450.683334496
-49.0914442367	-451.230819849
-49.3884336782	-451.778305202
-49.6852972341	-452.325668484
-49.9856703097	-452.879379423
-50.2819635717	-453.425521998
-50.5789453824	-453.973007352
-50.8779871294	-454.524032739
-51.2225782715	-455.159042507
-51.547174674	-455.757431176
-51.8434107143	-456.303085472
-52.1401216809	-456.849228053
-52.4372083967	-457.395614772
-52.7342951127	-457.942001491
-53.0343057938	-458.493637232
-53.3326341949	-459.042099148
-53.6301805806	-459.589584498
-53.9269697503	-460.135971218
-54.2247812576	-460.684188991
-54.5266763994	-461.239730985
-54.826675636	-461.791244655
-55.1247618019	-462.339584499
-55.424782022	-462.891464382
-55.7225000695	-463.439315943
-56.0221063937	-463.990463404
-56.3243677455	-464.528549346
-56.6317789375	-465.060165554
-56.9402563398	-465.599960473
-57.2506534896	-466.141586452
-57.5581590965	-466.677963404
-57.8668138817	-467.216293479
-58.1734869307	-467.751938016
-58.4827654184	-468.29234329
-58.7911474535	-468.830551297
-59.1003506008	-469.369857935
-59.4099562006	-469.910019069
-59.7200424509	-470.451278835
-60.0297872861	-470.991562039
-60.3377783129	-471.528549342
-60.6460506746	-472.065780785
-60.95398162	-472.602279812
-61.2658064199	-473.14500442
-61.5769598325	-473.686630396
-61.8892500221	-474.231308128
-62.1983854589	-474.77110305
-62.484442934	-475.315292506
-62.7659799878	-475.858627467
-63.051764711	-476.405746608
-63.338493569	-476.957016136
-63.6236316979	-477.506698755
-63.9174692461	-478.056015162
-64.2266924219	-478.580795437
-64.5299446424	-479.111435085
-64.8347894988	-479.643417507
-65.1408998807	-480.177353054
-65.4481785124	-480.712753447
-65.7585847217	-481.254745631
-66.066193801	-481.792953639
-66.3781568832	-482.339218289
-66.7160656281	-482.930038602
-67.0241310433	-483.468368681
-67.3336164786	-484.008041529
-67.6452138262	-484.550888209
-67.9551298443	-485.09153762
-68.2303087541	-485.650009307
-68.5012590707	-486.197494653
-68.7771684957	-486.752182157
-69.0508005437	-487.304184107
-69.3249761888	-487.857162625
-69.5996095968	-488.411239774
-69.8850939107	-488.962875515
-70.1952020942	-489.483261256
-70.4998800579	-490.017685085
-70.8059370356	-490.552597196
-71.1127168968	-491.087753445
-71.4200784991	-491.623764185
-71.7274648963	-492.160263209
-72.0344087902	-492.696396021
-72.3420717543	-493.233017118
-72.651792748	-493.773056176
-72.9603407211	-494.310775903
-73.2701866451	-494.85179153
-73.5779669123	-495.389877466
-73.8861296019	-495.928451683
-74.1968519523	-496.470932154
-74.5049345331	-497.009140164
-74.8159715949	-497.552841335
-75.1253301924	-498.092758328
-75.4339210813	-498.631332544
-75.7421095214	-499.1689302
-76.0501634894	-499.707626492
-76.3561327282	-500.241439967
-76.6648065892	-500.777938989
-76.9775354681	-501.315780787
-77.2953607872	-501.863266139
-77.6028635331	-502.399765164
-77.9093859023	-502.942611839
-78.2180368733	-503.481430201
-78.5286848379	-504.021225122
-78.8384496981	-504.560043484
-79.1484911279	-505.099716336
-79.4557840667	-505.637802271
-79.7663881626	-506.178207543
-80.0712396941	-506.71104446
-80.3864023517	-507.254257349
-80.7044184044	-507.799179226
-81.0148813549	-508.333358914
-81.3217737509	-508.872665552
-81.6315920175	-509.421249538
-81.9597284634	-510.00047317
-82.2633554762	-510.533676293
-82.5715753866	-511.071518091
-82.8827974621	-511.615341334
-83.1947271656	-512.16087356
-83.527792197	-512.682480007
-83.8806383454	-513.179306177
-84.2210733718	-513.675766139
-84.5651857676	-514.177719264
-84.918112022	-514.696762232
-85.2703249286	-515.215683131
-85.6199037863	-515.724838406
-85.9682638475	-516.230087429
-86.3181078268	-516.739120632
-86.6686060247	-517.251693875
-87.0222704238	-517.770248562
-87.3738863296	-518.28550735
-87.7371218033	-518.796371608
-88.1165201493	-519.274643093
-88.4874498681	-519.757064967
-88.8643457729	-520.243515166
-89.2425272299	-520.73069778
-89.6231615376	-521.220688015
-90.0254614194	-521.677597197
-90.4234545059	-522.128646998
-90.8261339493	-522.59007278
-91.2283174823	-523.049545437
-91.6372053453	-523.515976103
-92.0415956817	-523.976425318
-92.4498293225	-524.44187942
-92.8573725056	-524.90733352
-93.3315126726	-525.448593288
-93.7401316004	-525.91123977
-94.1802217786	-526.326889185
-94.6324617699	-526.712997585
-95.082946999	-527.114486842
-95.5374071416	-527.513900903
-95.9739305803	-527.896713403
-96.3563730541	-528.232040551
-96.6795008012	-528.514999536
-96.9435312583	-528.745590355
-97.1416818922	-528.9177095
-97.2608148869	-529.020980984
