-86.5215532619	-527.649032739
-86.4238111802	-527.48423782
-86.3636228866	-527.382553245
-86.2982599561	-527.272079614
-86.2308561633	-527.158188014
-86.1649458245	-527.046981961
-86.0998613667	-526.937240747
-86.0351393062	-526.82810989
-85.9659368825	-526.71165481
-85.8890135115	-526.581894068
-85.8059751812	-526.441513205
-85.7157041872	-526.288559111
-85.6173136069	-526.12181106
-85.5127298658	-525.944320826
-85.4004518818	-525.754013206
-85.282621604	-525.549911649
-85.1665022187	-525.347152856
-85.0553858111	-525.155014185
-84.9489805528	-524.971176296
-84.840200645	-524.783065939
-84.7237074208	-524.581283718
-84.6015589077	-524.369247582
-84.4725496601	-524.145004417
-84.3352701491	-523.90599075
-84.1919977489	-523.654525904
-84.0419409109	-523.392318871
-83.8853838274	-523.118637232
-83.7214739153	-522.83226028
-83.5686647724	-522.536605985
-83.4245397866	-522.257553247
-83.2881090469	-521.996933131
-83.1557066267	-521.74278274
-83.0193826995	-521.481552269
-82.8766443548	-521.208358915
-82.7260896996	-520.918808131
-82.5707018216	-520.621078635
-82.4097692794	-520.312362819
-82.2300321876	-520.005355985
-82.0485441509	-519.690780787
-81.8639280631	-519.369125513
-81.6705534291	-519.031601098
-81.4694979022	-518.683212428
-81.2617838202	-518.322738797
-81.0573541953	-517.968979028
-80.8591902077	-517.627060086
-80.6611158677	-517.284774927
-80.4578382795	-516.933456572
-80.2489664399	-516.571884302
-80.033764107	-516.199203638
-79.8097803417	-515.811142115
-79.5846006706	-515.421615746
-79.3514234838	-515.017807154
-79.1132128061	-514.605819847
-78.8701116877	-514.185775906
-78.6201097791	-513.753647
-78.3689195937	-513.318588406
-78.1117212586	-512.873886254
-77.8501818025	-512.421249538
-77.5801203098	-511.953720241
-77.3102342907	-511.486190941
-77.0307390509	-511.001815945
-76.7497198419	-510.514267114
-76.4650995565	-510.019271998
-76.1901571588	-509.541488797
-75.9285280526	-509.087265162
-75.6688597045	-508.635849145
-75.4062139817	-508.179306178
-75.1468651107	-507.728744652
-74.8983251873	-507.29698196
-74.6495315863	-506.864364771
-74.4038126296	-506.436874537
-74.1710760427	-506.0316011
-73.9443714442	-505.637313989
-73.7139112792	-505.235702661
-73.4924318604	-504.850326684
-73.2828714666	-504.485092312
-73.077101929	-504.126083521
-72.8636638951	-503.753524927
-72.6435148534	-503.369003444
-72.4408514332	-503.015365745
-72.2499763798	-502.682357933
-72.0844461756	-502.364364773
-71.9325859368	-502.068100122
-71.7863132777	-501.786728053
-71.6481497117	-501.521225123
-71.510404808	-501.256698752
-71.3660356818	-500.978988797
-71.2153274848	-500.689438014
-71.0574266746	-500.386581572
-70.8921758973	-500.068710474
-70.7211887682	-499.739730984
-70.5464155492	-499.403427274
-70.3616354296	-499.047348171
-70.1743509597	-498.686630397
-69.9767448728	-498.306015161
-69.7780077298	-497.923080592
-69.5860359497	-497.553573756
-69.4059107141	-497.207260278
-69.232925637	-496.874496607
-69.0714123073	-496.564071805
-68.9175855925	-496.268539575
-68.7679836579	-496.003402859
-68.6298506088	-495.752792503
-68.499302131	-495.514755397
-68.3760320967	-495.289779812
-68.2585556331	-495.075668484
-68.1340820609	-494.849350121
-68.0041744537	-494.613266137
-67.8686983414	-494.366928252
-67.7235915483	-494.103622585
-67.5725877126	-493.830185086
-67.4137961708	-493.542343288
-67.2481109918	-493.240707545
-67.0738880478	-492.923935085
-66.8966228791	-492.601303248
-66.7137834862	-492.268539575
-66.5253240905	-491.925644068
-66.33045457	-491.57115188
-66.1268808671	-491.200912624
-65.9173176108	-490.819564965
-65.7027013146	-490.428817898
-65.4813563656	-490.025985865
-65.2555425009	-489.614975122
-65.0242845837	-489.194076686
-64.789530021	-488.766464382
-64.5557043382	-488.340805203
-64.3333656617	-487.935409694
-64.122848732	-487.551498563
-63.9208891212	-487.183090355
-63.7165567706	-486.810775903
-63.5093014071	-486.433090355
-63.2949240025	-486.042221217
-63.075423462	-485.641830594
-62.8504526456	-485.231552271
-62.6204149566	-484.811996607
-62.3853771519	-484.383773951
-62.1422684017	-483.940902854
-61.8959123921	-483.49205032
-61.6419203109	-483.029159691
-61.3881857236	-482.566269066
-61.13089202	-482.096420435
-60.8682052917	-481.616928248
-60.603506311	-481.13365188
-60.3321811972	-480.638778835
-60.0572578749	-480.137680199
-59.7809669795	-479.633896022
-59.4981834727	-479.118026879
-59.217263443	-478.605697782
-58.9319670016	-478.085678247
-58.6457817378	-477.564071803
-58.3542253796	-477.032577663
-58.0587055511	-476.493881373
-57.7644293153	-475.95762649
-57.4661772087	-475.413803247
-57.1691152865	-474.869980004
-56.8712770758	-474.324081569
-56.5716268846	-473.775741725
-56.2728292762	-473.231186061
-55.9741022434	-472.68821731
-55.6719934783	-472.138778834
-55.3725817039	-471.593734886
-55.0751001664	-471.052108913
-54.7936365431	-470.53880325
-54.5240480724	-470.046493678
-54.2695600829	-469.581527857
-54.0280802081	-469.140487816
-53.7956354435	-468.7158052
-53.5735857325	-468.309799339
-53.3512136774	-467.90306106
-53.1228067697	-467.483993677
-52.885212166	-467.047104028
-52.6483709636	-466.612045438
-52.4219744024	-466.195785667
-52.2018301327	-465.811264189
-51.9924394917	-465.446273948
-51.7958109205	-465.104965356
-51.6097071021	-464.783676299
-51.4292146992	-464.472885279
-51.2460825271	-464.156723168
-51.0565149604	-463.828842312
-50.8590853057	-463.485580591
-50.6551210706	-463.129623559
-50.4468424163	-462.766098172
-50.2325937569	-462.392929224
-50.0081598577	-462.002792507
-49.778915628	-461.60484329
-49.5435850448	-461.196151879
-49.3016531299	-460.776352076
-49.0519926381	-460.343124536
-48.8002435989	-459.906112819
-48.5425302811	-459.458847196
-48.2815210661	-459.005966332
-48.0174658119	-458.547348171
-47.7472040481	-458.078109888
-47.4709379499	-457.598251493
-47.1945116349	-457.118637231
-46.9147341079	-456.633285669
-46.6293985671	-456.138534695
-46.3411981905	-455.63792434
-46.0513765643	-455.13450637
-45.7512857756	-454.61314407
-45.4528543772	-454.095321805
-45.154762489	-453.578231959
-44.8534357368	-453.055526879
-44.5476190869	-452.525497585
-44.2399980858	-451.992416529
-43.934005959	-451.462265162
-43.6212827995	-450.919906764
-43.3101637193	-450.380844264
-42.9955828019	-449.835922389
-42.6854555433	-449.296493679
-42.3762342753	-448.755600123
-42.0673906619	-448.216415554
-41.7726843175	-447.70372024
-41.4919035273	-447.21531692
-41.2146837538	-446.731674342
-40.938232642	-446.249374536
-40.657806617	-445.760116726
-40.373256905	-445.263900903
-40.0840608898	-444.759628442
-39.7933618843	-444.252792505
-39.4952509241	-443.733261256
-39.194954141	-443.210067895
-38.8960954967	-442.689438015
-38.5921671205	-442.160019069
-38.2854044281	-441.62632766
-37.9773638077	-441.090561058
-37.6716921148	-440.559066922
-37.3734476382	-440.040390166
-37.0920755694	-439.550644068
-36.8201639471	-439.077133329
-36.549961312	-438.60618606
-36.2888529117	-438.150863793
-36.0438577948	-437.723373562
-35.8008959135	-437.298813011
-35.5667497939	-436.889022976
-35.3441927278	-436.499008325
-35.1286089256	-436.120834497
-34.9044534975	-435.726669461
-34.6779863653	-435.328720241
-34.4480707481	-434.924667508
-34.2323267293	-434.545517112
-34.0258371667	-434.18248001
-33.8641626665	-433.836410672
-33.7468073195	-433.510116722
-33.6265222867	-433.208114768
-33.5120203326	-432.920517116
-33.4044344263	-432.650009302
-33.3034975351	-432.395858911
-33.2086298296	-432.157211453
-33.1160318687	-431.924423367
-33.0204469975	-431.684311063
-32.9285318672	-431.453109888
-32.8497507406	-431.233505395
-32.7933695143	-431.029770043
-32.7293970417	-430.838852072
-32.6670648877	-430.6533052
-32.6018221193	-430.458969263
-32.5313684775	-430.248764184
-32.4569551777	-430.026840358
-32.4025766692	-429.795517114
-32.3409159005	-429.556625516
-32.2718775093	-429.303207542
-32.1955759359	-429.022934104
-32.121837837	-428.743637233
-32.0690805743	-428.431747585
-32.0068437877	-428.129135281
-31.9410517053	-427.810165549
-31.8952066731	-427.488266138
-31.8421518619	-427.142074732
-31.818493112	-426.794784694
-31.8020250626	-426.447006374
-31.7925607978	-426.106186058
-31.8175394356	-425.762191921
-31.860283119	-425.401718285
-31.928852302	-425.069076685
-32.0365145025	-424.743026882
-32.1369707417	-424.409408716
-32.2403147057	-424.056259304
-32.347896798	-423.692611841
-32.4889833765	-423.341781764
-32.6413462006	-422.997543484
-32.8442880947	-422.608871608
-33.0277368854	-422.273178249
-33.2150156342	-421.923690945
-33.4197428063	-421.57383743
-33.6306612312	-421.221054226
-33.8439447695	-420.861435083
-34.0768625566	-420.50828567
-34.3128244723	-420.147079616
-34.5571405708	-419.773178245
-34.8138239209	-419.400131376
-35.1020014111	-419.056625517
-35.4090692839	-418.730819848
-35.7196619342	-418.406112819
-36.0352213212	-418.076645043
-36.3713075954	-417.755844262
-36.7333566964	-417.474472192
-37.0988085114	-417.185531763
-37.4843637762	-416.924423364
-37.8786890341	-416.69969192
-38.2840959851	-416.465194852
-38.7021066963	-416.249496606
-39.1213228523	-416.035385276
-39.5530168836	-415.814315941
-39.9890177077	-415.591171411
-40.4346887888	-415.363388208
-40.8955881421	-415.127548365
-41.3621733026	-414.888656766
-41.8370001146	-414.645248563
-42.3158361734	-414.400741723
-42.8065740886	-414.150619657
-43.3078138657	-413.927963406
-43.8131048503	-413.732528835
-44.3215048143	-413.548080593
-44.8465025257	-413.41795364
-45.3731577222	-413.330917507
-45.8959066689	-413.247177273
-46.4284822781	-413.168075709
-46.9699137042	-413.088363796
-47.5239641499	-412.998397976
-48.062284692	-412.885482938
-48.6077482527	-412.77317825
-49.1575262374	-412.657699733
-49.7272283852	-412.533188014
-50.2616846391	-412.374618677
-50.7970850302	-412.207138207
-51.3245374979	-412.01951614
-51.8334562614	-411.797226099
-52.3425543129	-411.574813992
-52.8640539476	-411.342270047
-53.3916685404	-411.106063989
-53.9081480337	-410.857895041
-54.4312498401	-410.600814967
-54.9499056162	-410.343979029
-55.4541799836	-410.064438013
-55.9552919696	-409.780990747
-56.4616987548	-409.483505395
-56.9503481229	-409.176864771
-57.4472391433	-408.865707543
-57.942966682	-408.544296416
-58.4161493602	-408.207382347
-58.8848802859	-407.864364773
-59.3241827327	-407.497909695
-59.7652151425	-407.127182155
-60.1754343334	-406.732650902
-60.5706617665	-406.323715357
-60.9669287031	-405.909652857
-61.3642141643	-405.490219264
-61.7696401908	-405.062240748
-62.180984719	-404.628036647
-62.5917131718	-404.195053249
-62.9946138699	-403.755355982
-63.3854143452	-403.312973167
-63.776851875	-402.86741653
-64.1613161408	-402.410995632
-64.5180361106	-401.936996608
-64.8730127638	-401.463607933
-65.2069170321	-400.979477074
-65.5171434709	-400.486435085
-65.8222696601	-399.987289576
-66.0915338816	-399.474960476
-66.3567430805	-398.948959499
-66.5704157188	-398.424179226
-66.7795297934	-397.893783716
-66.9621431647	-397.350570827
-67.1231500919	-396.805526882
-67.2570345245	-396.255844265
-67.3699495639	-395.707992703
-67.4821855838	-395.154281763
-67.575172645	-394.599472194
-67.6148226085	-394.049179226
-67.6424066864	-393.494735867
-67.626861793	-392.940902855
-67.5676843956	-392.400497586
-67.5062601408	-391.855941919
-67.4272196123	-391.304916529
-67.3372080148	-390.758163597
-67.2433092427	-390.206039574
-67.1108629542	-389.670028834
-66.952446205	-389.14122024
-66.7810861889	-388.61863723
-66.5679132768	-388.111679223
-66.3552477185	-387.608383328
-66.1365740123	-387.100204617
-65.9139253926	-386.584457545
-65.6882479023	-386.061508327
-65.4448320679	-385.550766141
-65.1966898274	-385.030014184
-64.9460108113	-384.50865188
-64.6828882521	-383.993759301
-64.4111521068	-383.477401882
-64.1369058915	-382.957260279
-63.8584215472	-382.43089309
-63.5795366593	-381.904403833
-63.2958757703	-381.369491725
-63.0109712911	-380.834091336
-62.7219469394	-380.291732937
-62.4345934209	-379.753036644
-62.1467325519	-379.212753443
-61.8551447225	-378.664901882
-61.5665361723	-378.12071243
-61.2790453262	-377.577621606
-60.9866487819	-377.025131374
-60.6893541644	-376.464340357
-60.4065630257	-375.932724148
-60.1366998988	-375.426010278
-59.8676531145	-374.920639186
-59.5929949114	-374.404403835
-59.3172037412	-373.885482938
-59.0391352008	-373.362167506
-58.7585031812	-372.833480985
-58.4740335762	-372.297470241
-58.1876604393	-371.757553251
-57.9021036472	-371.219223172
-57.6158144302	-370.679550321
-57.3278467475	-370.136825709
-57.0404054936	-369.59495559
-56.7487413727	-369.055160671
-56.4441950159	-368.530746612
-56.1360132534	-368.000839381
-55.8280832585	-367.47410598
-55.5154955215	-366.949325708
-55.18354438	-366.446518091
-54.8465769122	-365.937362819
-54.5090753854	-365.432846218
-54.1704370803	-364.927230982
-53.8308412859	-364.420028834
-53.4850504239	-363.914169457
-53.1105959258	-363.447982938
-52.703361732	-363.026718286
-52.2911226585	-362.610580589
-51.8523866961	-362.221542507
-51.3888399426	-361.893539577
-50.9004938441	-361.635605006
-50.3913118677	-361.41050735
-49.86838935	-361.202743678
-49.3433229756	-361.050888207
-48.8133356408	-360.904892117
-48.2662508326	-360.77745071
-47.7248346631	-360.711044459
-47.1937677696	-360.714340359
-46.6744272535	-360.790023954
-46.1598665557	-360.896713407
-45.6407854392	-361.016220239
-45.1415979689	-361.174545434
-44.6412241272	-361.352035671
-44.1354448637	-361.532089382
-43.6164705575	-361.718734887
-43.0954897231	-361.904892116
-42.5401270214	-362.103134303
-42.0157053302	-362.30442825
-41.4967768033	-362.527450706
-40.9705011672	-362.751938017
-40.4354326554	-362.982162624
-39.8946459111	-363.215072779
-39.3469965293	-363.450790555
-38.8185121851	-363.702987819
-38.3065149606	-363.96995559
-37.7860834432	-364.242660671
-37.2609140705	-364.521957543
-36.7311746904	-364.805160671
-36.1943819356	-365.092514186
-35.6539156262	-365.380966331
-35.1243135766	-365.672470242
-34.5947878188	-365.970810084
-34.0626985863	-366.271225122
-33.5296823809	-366.572860864
-32.9910662003	-366.878036644
-32.4506647426	-367.184066921
-31.9104502035	-367.489853051
-31.374508126	-367.79331985
-30.8372919385	-368.09715286
-30.2972299886	-368.40257278
-29.7508280096	-368.710922387
-29.2100183783	-369.015243677
-28.6690027554	-369.319442895
-28.1280748668	-369.623764184
-27.5820886911	-369.931503443
-27.0388986891	-370.236679227
-26.4975740722	-370.541366723
-25.9537088698	-370.848861844
-25.4119226779	-371.155380398
-24.863521796	-371.465438989
-24.3221323313	-371.771225123
-23.7809984517	-372.077255395
-23.2421419449	-372.381820825
-22.70282386	-372.686508326
-22.1605951606	-372.992782739
-21.6119577702	-373.302108911
-21.0594141303	-373.613510278
-20.5190546355	-373.918563989
-19.9724123295	-374.227401881
-19.4312555621	-374.53294387
-18.880523903	-374.843856959
-18.3365824061	-375.150985868
-17.7911035846	-375.458725122
-17.2404520356	-375.769760276
-16.6940576856	-376.078354031
-16.1530878368	-376.38426223
-15.6059992131	-376.693832543
-15.0648500752	-377.000229033
-14.5214845971	-377.308090358
-13.982486947	-377.613266136
-13.4380190215	-377.921371608
-12.8987390825	-378.22679153
-12.3567240064	-378.533920436
-11.8195154485	-378.838241723
-11.2810785595	-379.142929226
-10.736599191	-379.451278833
-10.1957628549	-379.75718704
-9.65631888574	-380.06224075
-9.11053107405	-380.370956571
-8.5716059042	-380.675521998
-8.03454993345	-380.979232936
-7.49068854476	-381.286728052
-6.9486048047	-381.592758323
-6.41005347483	-381.897079617
-5.86983893474	-382.202377468
-5.32856391213	-382.508407739
-4.78702185798	-382.814438014
-4.23380683281	-383.12644973
-3.69168494496	-383.432357937
-3.15283606778	-383.736679224
-2.61143897235	-384.0427095
-2.06274817663	-384.352768093
-1.52067969588	-384.658920435
-0.981312020216	-384.963485865
-0.436214667745	-385.271225121
0.105907220277	-385.577743676
0.659015433572	-385.890609888
1.20055748743	-386.196884304
1.74373986013	-386.50425735
2.28924919909	-386.812606961
2.83114220394	-387.118759304
3.37867333251	-387.427841334
3.92232109979	-387.735214381
4.46407677524	-388.041366722
5.0066716838	-388.348251491
5.5496785813	-388.655258324
6.09738518531	-388.964950708
6.6406591108	-389.271957546
7.18781639746	-389.581283717
7.73226525099	-389.888900907
8.27522637148	-390.195663603
8.82026268623	-390.50376907
9.36405541294	-390.811142115
9.91260124877	-391.121322782
10.4551503828	-391.428085476
11.0047643352	-391.73899856
11.5520055464	-392.048568873
12.0944478677	-392.355453639
12.640765922	-392.66453567
13.1837346719	-392.971908715
13.7317845987	-393.282089385
14.2755620646	-393.589950709
14.8257711102	-393.901352075
15.3740117735	-394.211410673
15.9173238454	-394.518905789
16.4604222953	-394.826156763
17.0033300082	-395.13340774
17.5407521896	-395.437362821
18.0558049853	-395.728866723
18.5541188883	-396.010727074
19.0496404343	-396.290878443
19.5556905441	-396.576889186
20.0670888594	-396.865829615
20.5849797904	-397.158065944
21.1015126868	-397.449325711
21.6358754791	-397.750961454
22.1596334159	-398.046127466
22.6940343539	-398.347641139
23.229335563	-398.649521021
23.7628286046	-398.950180201
24.2754628816	-399.239486841
24.7787435215	-399.523422387
25.2854879071	-399.809188991
25.8006856604	-400.099716332
26.3263967193	-400.392318876
26.8496053388	-400.661850123
27.3791692415	-400.931259303
27.914058465	-401.156967313
28.4529226002	-401.37120071
28.9995534591	-401.561264182
29.5509832092	-401.74998489
30.1114614181	-401.938461454
30.6716268223	-402.116562038
31.2349660557	-402.244735864
31.798793573	-402.335922389
32.3730657268	-402.423690944
32.9564321224	-402.5048677
33.5290792166	-402.547592308
34.1064946812	-402.538925319
34.6873433755	-402.520980983
35.2535360014	-402.468246608
35.8183553383	-402.405990748
36.3631704031	-402.296371607
36.8830373461	-402.126938015
37.3994863209	-401.936264184
37.8923299476	-401.711410672
38.3574407266	-401.44529739
38.8204000175	-401.167465359
39.2438695598	-400.850082546
39.6158254333	-400.490463404
39.9291188875	-400.092392114
40.2336080246	-399.674423364
40.5340993585	-399.244857934
40.8362920461	-398.802963404
41.1393926312	-398.359481958
41.4569738081	-397.894027854
41.7777822186	-397.424545432
42.0980870901	-396.955307155
42.4203298255	-396.483139186
42.7491109546	-396.000839381
43.0798299494	-395.51646438
43.4129598322	-395.028793484
43.7501638097	-394.53465286
44.0909841241	-394.035507351
44.4335134209	-393.532577665
44.7561452549	-393.009994654
45.0689733215	-392.495224146
45.3789861376	-391.977890163
45.6907918612	-391.455307155
46.004176872	-390.930038603
46.3175084762	-390.404892115
46.6309621497	-389.879379422
46.9499623942	-389.34483352
47.2667653736	-388.814193874
47.5733983691	-388.280136258
47.8698995285	-387.741684108
48.1638753584	-387.203842311
48.4561422035	-386.665878444
48.7500341107	-386.124618676
49.0450246509	-385.581283717
49.3419530562	-385.034530788
49.6379125293	-384.489364771
49.9335439387	-383.945053248
50.2296712567	-383.401718288
50.5255544369	-382.860092312
50.8230550452	-382.309799342
51.1171987223	-381.7614595
51.41449334	-381.21116653
51.7109487242	-380.667099143
52.0100209888	-380.116317896
52.306422965	-379.569320831
52.6122930218	-379.005966335
52.9087789227	-378.461044457
53.2075917898	-377.911850123
53.5052907628	-377.364975123
53.8026082682	-376.819320827
54.1002309488	-376.272934109
54.3974416408	-375.727279813
54.6958730405	-375.178695826
54.9873159104	-374.631210475
55.255229729	-374.071029811
55.5184285811	-373.518417504
55.7671315831	-372.960678247
55.9933583923	-372.403305199
56.2233236013	-371.831405788
56.4257161784	-371.24986282
56.6138723055	-370.682968285
56.7720601736	-370.108261256
56.9112813643	-369.53550735
57.0182759932	-368.965927274
57.1144673986	-368.367538603
57.2097432783	-367.735092307
57.2959554356	-367.12559524
57.355418937	-366.538803248
57.396068352	-365.958114769
57.3839070954	-365.380111839
57.3124654477	-364.799911647
57.2333333667	-364.237411644
57.1283071215	-363.678939966
56.9975850743	-363.130844261
56.8626821222	-362.575668484
56.7235067065	-362.018051294
56.5839345624	-361.450302272
56.4418904955	-360.875106958
56.2690999685	-360.319076687
56.0884969401	-359.762924342
55.8852498701	-359.218368676
55.676906365	-358.674789576
55.433925407	-358.153793483
55.1772420571	-357.641708519
54.884670037	-357.160263209
54.564540641	-356.705673366
54.228153008	-356.259628446
53.8752095876	-355.827865747
53.5024221112	-355.414169459
53.1209218659	-355.019149929
52.7204168023	-354.64073196
52.3048589408	-354.262436061
51.8903005301	-353.88731399
51.4593999553	-353.51219192
51.0195577312	-353.171127469
50.5748098064	-352.840072778
50.1176335984	-352.543563992
49.6519353567	-352.241684105
49.1794545806	-351.940048361
48.6945989294	-351.6319429
48.2104299254	-351.323837425
47.7200048135	-351.019760279
47.224284905	-350.731674342
46.7246511154	-350.440048366
46.216640251	-350.144882349
45.7012136152	-349.845199728
45.1718404465	-349.537094264
44.6536672289	-349.235702665
44.1330144578	-348.933578637
43.6076009437	-348.654037624
43.0768926322	-348.380844261
42.5370519321	-348.105453637
41.9922368688	-347.830185085
41.4507024463	-347.559311063
40.9041326214	-347.287338405
40.3534124069	-347.012680202
39.8006551437	-346.736557154
39.2470433868	-346.459335475
38.6888387378	-346.179184107
38.1366613088	-345.9020845
37.5862081219	-345.627060083
37.0391805349	-345.3486177
36.5055043882	-345.055404809
35.9697530446	-344.761703637
35.4298284206	-344.463363795
34.8890950844	-344.164169459
34.3460805574	-343.863510284
33.8083379439	-343.565536646
33.2662618345	-343.264877468
32.7250478438	-342.965194846
32.1844976107	-342.665146021
31.6422155062	-342.36363235
31.0971028969	-342.060653836
30.5550038992	-341.759262233
30.0154683765	-341.459213405
29.470775383	-341.156356962
28.9294698412	-340.855697779
28.3897588421	-340.555771021
27.8577306442	-340.239608914
27.33081414	-339.921737819
26.8261144316	-339.576522975
26.3320501001	-339.224594265
25.8782308287	-338.851181179
25.4734456707	-338.442978051
25.0835988699	-338.023300317
24.7380712194	-337.573227075
24.4540517507	-337.094955592
24.241565482	-336.598129419
24.0507543253	-336.089096216
23.8664128954	-335.567978054
23.6845281295	-335.028427272
23.548251885	-334.490829615
23.4775731736	-333.958480981
23.4800145785	-333.425521996
23.5303456952	-332.894272
23.5881078416	-332.356918481
23.6559407869	-331.81712356
23.7619893727	-331.289291527
23.9149511027	-330.787338402
24.0715291675	-330.28221145
24.2403752974	-329.760971218
24.4292104421	-329.251815946
24.6378133476	-328.755478054
24.847911612	-328.253646997
25.0703847586	-327.748153834
25.3192403486	-327.270126489
25.5709340738	-326.784652859
25.8287923497	-326.293441921
26.089061514	-325.798080592
26.357578057	-325.286605984
26.6415670076	-324.801498562
26.9421270071	-324.322494654
27.2451589261	-323.842025905
27.5566594769	-323.352279811
27.8770101231	-322.850082543
28.1915929506	-322.357406763
28.5067479776	-321.853378444
28.812030571	-321.352157739
29.1214635524	-320.843246609
29.432765739	-320.329940943
29.7461583777	-319.812362819
30.0627858813	-319.290268094
30.3846624068	-318.759994652
30.7056234042	-318.226913601
31.0251729648	-317.690292508
31.3413732225	-317.157699732
31.6578939136	-316.623153833
31.9746053395	-316.088974146
32.2980230035	-315.543197779
32.603328485	-315.006576686
32.898212212	-314.466537623
33.1922948529	-313.924179225
33.4856908485	-313.37974563
33.7787282623	-312.835800318
34.0717809371	-312.292465356
34.3646123565	-311.749862818
34.6561238925	-311.208969262
34.949405449	-310.663681177
35.2454335864	-310.113510278
35.5393178635	-309.568344265
35.8354070354	-309.018295437
36.1350896519	-308.461776881
36.4303548503	-307.914169461
36.7287633601	-307.361313012
37.023868339	-306.813705591
37.3183477094	-306.267563012
37.6151998199	-305.716903836
37.9114720999	-305.167221217
38.2058675468	-304.621566921
38.4960286784	-304.071151881
38.7856557544	-303.521957546
39.0732152643	-302.974838403
39.3642232593	-302.421859889
39.6567647628	-301.865951684
39.9290502255	-301.306625517
40.1947972932	-300.757064966
40.4600255667	-300.201400903
40.7264516524	-299.6409761
40.9922902753	-299.081283715
41.2573583303	-298.523544458
41.5247152003	-297.961288601
41.7967870409	-297.389511257
42.0638082193	-296.827987815
42.3319738073	-296.263534694
42.6012227708	-295.69676223
42.8668401402	-295.138046413
43.1360280678	-294.572006374
43.4060018233	-294.00450149
43.6740529697	-293.44139114
43.947589653	-292.866806176
44.2149770427	-292.30552688
44.4853856732	-291.738021997
44.7578389809	-291.166366729
45.025821464	-290.603988795
45.2960546174	-290.036605983
45.5640523618	-289.473861841
45.8355138476	-288.903671411
46.1078908622	-288.331283715
46.3777578058	-287.764755394
46.6461370165	-287.200424343
46.9156682664	-286.633529811
47.1845739051	-286.068100122
47.4543187793	-285.501205591
47.7214009946	-284.939193871
47.9874990151	-284.379257351
48.2541997595	-283.818222193
48.5228078532	-283.253280786
48.7968251874	-282.677108914
49.0641057652	-282.114608911
49.3336293866	-281.547226102
49.6014058768	-280.983383327
49.8698995282	-280.41880813
50.1379888217	-279.854965359
50.4037969277	-279.295639185
50.6711232843	-278.732895046
50.9402425464	-278.166610864
51.1895253833	-277.599838407
51.4363591828	-277.029770045
51.6799276039	-276.460556176
51.9289128958	-275.876327662
52.171535272	-275.306991724
52.4076650299	-274.731918482
52.6402700125	-274.154281762
52.8689840002	-273.582260282
53.097476738	-273.00914016
53.3294027036	-272.428329616
53.560168997	-271.850448754
53.7930638964	-271.269027855
54.02612664	-270.687484888
54.2588079142	-270.104965355
54.487834709	-269.52732864
54.7182195371	-268.946029811
54.9479482345	-268.368148948
55.175105827	-267.785019071
55.3804433526	-267.207870629
55.5864217442	-266.628402856
55.7917897867	-266.045883323
55.9978139577	-265.460922392
56.2042501138	-264.874740748
56.4134175958	-264.280502466
56.619136589	-263.696029812
56.8248555827	-263.111557154
57.0325124427	-262.521713405
57.2383077318	-261.936996607
57.4438436187	-261.352646021
57.6497609779	-260.767807156
57.8563802408	-260.181259302
58.0632436444	-259.5862886
58.2532308277	-259.00389114
58.4450032876	-258.415634303
58.6385457687	-257.820175318
58.8308065116	-257.228866724
59.0230214775	-256.637802269
59.195094841	-256.051010278
59.365199821	-255.456771997
59.5357473071	-254.852523951
59.7051198643	-254.249740746
59.8734090498	-253.650863797
60.013637321	-253.057357938
60.1464498214	-252.466171413
60.2777974791	-251.864364769
60.4078633953	-251.26292434
60.5402181318	-250.650375515
60.6714437167	-250.04307571
60.8029592205	-249.43443313
60.9337423007	-248.829208524
61.0643270201	-248.225448755
61.1955831228	-247.618026881
61.3271749198	-247.009018091
61.4596212095	-246.39646926
61.5906636885	-245.790268091
61.7225454028	-245.179672391
61.8436849289	-244.570419457
61.9405477215	-243.962509305
62.0366170557	-243.352890162
62.1292379063	-242.7470552
62.2215993567	-242.141098171
62.3146321945	-241.530258325
62.4083516775	-240.913803249
62.5026052177	-240.293686062
62.5967824636	-239.672226103
62.661601799	-239.067978054
62.7213704757	-238.463730006
62.7782857575	-237.854599145
62.8345754322	-237.238266139
62.8905294117	-236.619980009
62.9456136392	-236.008285671
63.0010335615	-235.393295436
63.056819694	-234.774643093
63.1122396159	-234.158554226
63.1685292898	-233.531967312
63.2240560223	-232.913925318
63.2719991377	-232.296737819
63.3144796063	-231.68357864
63.3559835132	-231.069687039
63.3969075836	-230.456527857
63.4392659835	-229.818832546
63.4803426433	-229.200424347
63.5214345632	-228.584457546
63.5629537278	-227.96543899
63.6042592699	-227.345810083
63.646053093	-226.717392117
63.6849630049	-226.093368677
63.7123067554	-225.473129421
63.7397878339	-224.853500513
63.7664754549	-224.235824735
63.7932088544	-223.613388206
63.8198201814	-222.991684108
63.8467519452	-222.362045435
63.8736379325	-221.735092308
63.9005086589	-221.105941921
63.9271199871	-220.480819847
63.9534719159	-219.861435085
63.9803884205	-219.23631301
64.0076863942	-218.606552271
64.0348470365	-217.979232935
64.0616109532	-217.358017114
64.0883138345	-216.736557151
64.1152608577	-216.111190946
64.1421926189	-215.487411648
64.1692159353	-214.859604029
64.1961324375	-214.231918482
64.2051656409	-213.61814895
64.2096517257	-213.007431178
64.2115132971	-212.388168484
64.2126729672	-211.765243678
64.2137105622	-211.145736843
64.2147939368	-210.527328641
64.2159230885	-209.897445826
64.2170980136	-209.279770044
64.2181966469	-208.660629421
64.2193105388	-208.038070826
64.2203328781	-207.419296412
64.2214162519	-206.794662621
64.2226827316	-206.166244654
64.2238729162	-205.544296411
64.2250020665	-204.91490188
64.2262532888	-204.294906766
64.2274892485	-203.668319848
64.2285573658	-203.048080593
64.2378194517	-202.43113723
64.2514760658	-201.807480007
64.268855828	-201.184799344
64.3142049488	-200.572982936
64.3617665933	-199.958969264
64.4132497469	-199.341171414
64.4650075614	-198.73069778
64.5175740883	-198.111557155
64.57035424	-197.48960891
64.6308705973	-196.876815944
64.7143209138	-196.275497585
64.7987020176	-195.67137161
64.8862569493	-195.065780785
64.9746053391	-194.457748563
65.0633504552	-193.847274927
65.1520345371	-193.236557154
65.2416341481	-192.620224149
65.3306234051	-192.00828567
65.4206197417	-191.388900905
65.5098683998	-190.774887232
65.5992696451	-190.160263209
65.6883199383	-189.548324733
65.7783162779	-188.929672391
65.8680684732	-188.312606955
65.9575612701	-187.697616725
66.0481984782	-187.075668483
66.1376302416	-186.461898949
66.22811486	-185.840072779
66.3176534332	-185.225570826
66.407527701	-184.609359887
66.4985158619	-183.985336449
66.587672965	-183.372787623
66.6770284342	-182.759872583
66.7679097807	-182.136947779
66.8574636164	-181.523178248
66.9466664949	-180.910019067
67.0366170587	-180.291977075
67.1106527032	-179.678085475
67.1672170336	-179.069809104
67.2217824633	-178.456039576
67.2633626626	-177.849228052
67.3026387863	-177.235702663
67.3403127367	-176.620834497
67.377895135	-175.999008324
67.4147908866	-175.383651884
67.4522054364	-174.762558128
67.4895589531	-174.143417505
67.5247609789	-173.519027857
67.5395162278	-172.910019066
67.5546071703	-172.289047387
67.5672261881	-171.671493677
67.5795247714	-171.052719264
67.585048454	-170.431015164
67.5848348322	-169.820053249
67.5833089525	-169.20762649
67.5812032376	-168.595443875
67.5789754562	-167.969833523
67.5767171545	-167.354721219
67.5745198904	-166.765365749
67.5723226241	-166.199813989
67.5699727693	-165.637436058
67.5674245527	-165.059311059
67.5649373706	-164.504135278
67.5624044115	-163.96055618
67.5596883473	-163.428939965
67.557109613	-162.903915553
67.5543630293	-162.381820824
67.5515096351	-161.857162621
67.5484883947	-161.341781765
67.5453908618	-160.839950706
67.5421712558	-160.345932156
67.538783806	-159.847030786
67.5353353206	-159.346420432
67.5318868322	-158.843246608
67.5285604172	-158.364975125
67.5251271881	-157.884140163
67.5194051436	-157.39109817
67.4840657878	-156.903061058
67.4476583167	-156.405746609
67.3811605142	-155.916732933
67.3168294591	-155.427719262
67.2492482826	-154.923202667
67.1657521902	-154.416122583
67.0664785085	-153.920517117
66.9504049005	-153.428207547
66.8267171556	-152.931381375
66.6842000663	-152.443954614
66.5307576832	-151.958236841
66.3767202063	-151.468368674
66.2183797542	-150.966537624
66.0568502108	-150.454818874
65.8919179612	-149.932602077
65.7233846348	-149.398910671
65.5555379562	-148.867294457
65.38601281	-148.331039576
65.2118184731	-147.779892113
65.0387227688	-147.232528833
64.868678827	-146.675277858
64.7056234041	-146.11827102
64.547511832	-145.551254419
64.4381673511	-144.982895044
64.3441732113	-144.417221215
64.283443229	-143.856674343
64.2280843433	-143.288192895
64.1755025563	-142.710189966
64.1235006015	-142.125351103
64.0712850267	-141.53599563
64.0234182043	-140.945297389
63.9844625153	-140.356674341
63.9441182771	-139.750961449
63.9049337081	-139.151107937
63.8705709156	-138.543808131
63.8640096353	-137.952255392
63.8574788749	-137.35154739
63.8541219407	-136.740951684
63.8515279455	-136.132431179
63.8489339529	-135.519027856
63.8463399574	-134.905136252
63.8438527755	-134.321762236
63.8411977451	-133.738388209
63.838466423	-133.148910668
63.8357198398	-132.548568876
63.8329427402	-131.952133324
63.8303182292	-131.352523951
63.8276632004	-130.743393092
63.8250081709	-130.137313992
63.8223073656	-129.529647973
63.8195455257	-128.911361843
63.816859977	-128.296249538
63.8139913239	-127.679794458
63.8111074149	-127.054184108
63.8083303141	-126.43504348
63.8054616628	-125.809433132
63.8025777513	-125.182602073
63.7996480623	-124.560165553
63.7968404444	-123.936630398
63.7940633462	-123.314193874
63.7911336588	-122.680404809
63.788326041	-122.06004348
63.7854268714	-121.434921413
63.7826192536	-120.813461448
63.7798116379	-120.19102493
63.7770345375	-119.570541527
63.7742726965	-118.950912624
63.7712972343	-118.331405786
63.7683675454	-117.708969263
63.7654683766	-117.086410665
63.7624166176	-116.464340355
63.7591664963	-115.842758326
63.7560079267	-115.211898948
63.7532155688	-114.588485865
63.7503621762	-113.964096215
63.7470662768	-113.338852076
63.743938224	-112.715805199
63.7410848326	-112.096420437
63.7382772145	-111.476791531
63.735469596	-110.856430203
63.7326619787	-110.235824732
63.7296254791	-109.619125515
63.726650017	-109.029159693
63.7237050716	-108.442855983
63.7208821954	-107.843124538
63.717998283	-107.238876489
63.7150228204	-106.633529814
63.7120626139	-106.023422389
63.7091024096	-105.412338408
63.7061116855	-104.800033717
63.7031514811	-104.195053246
63.7003133467	-103.619369653
63.6973836611	-103.041244653
63.6944844889	-102.461898952
63.6915853202	-101.876693872
63.6887166661	-101.306625512
63.6858480149	-100.758773949
63.6829488439	-100.214462429
63.6799276036	-99.6638032459
63.6768758448	-99.0956880134
63.6737325352	-98.5281831287
63.6594197921	-97.9533540276
63.6232869803	-97.3917085216
63.5575215988	-96.8340913332
63.4764669117	-96.2778169168
63.3917195968	-95.7182466043
63.2931783362	-95.1591645745
63.1906392743	-94.5973969996
63.0545003585	-94.0519868382
62.8929403006	-93.5156098865
62.7193868334	-92.9797212146
62.5239217454	-92.4548188718
62.3083760898	-91.9426118396
62.0840718904	-91.435531762
61.8399007509	-90.9457856673
61.5840413732	-90.462021023
61.3012960125	-89.9936372321
60.9986684483	-89.5488130152
60.6781881024	-89.115463404
60.3387410805	-88.6977387941
59.9868734056	-88.2833100851
59.6215017019	-87.8945161374
59.2310445481	-87.5253755129
58.8407399835	-87.1667329352
58.4340017007	-86.8199311788
58.0274160077	-86.4709321549
57.6132772139	-86.1205903562
57.1816365881	-85.793686063
56.7399099041	-85.4687348884
56.291866082	-85.1728364518
55.8352315604	-84.8986665276
55.3732564613	-84.6337739513
54.8964498218	-84.3779145731
54.4171254815	-84.1389009049
53.9281728438	-83.9429780515
53.4292943653	-83.8066255152
52.9269368809	-83.721542506
52.4198949498	-83.6503755115
51.9154622725	-83.6287690699
51.4050023716	-83.6081391815
50.8898122477	-83.6022798093
50.3808705971	-83.6298677013
49.8586538004	-83.6613618387
49.3480184255	-83.7223969959
48.8321569135	-83.7813569587
48.3087499312	-83.8425141843
47.7784459772	-83.904525904
47.2382161777	-83.9677583273
46.6894185708	-84.0324555892
46.1493261039	-84.1230317615
45.606097953	-84.2180024679
45.0715139074	-84.3410493406
44.5315816579	-84.4698335202
43.9908635804	-84.6044770726
43.464946526	-84.7778169205
42.950847404	-84.9626313727
42.4609258345	-85.1889497316
41.9862325365	-85.4340669215
41.5242269204	-85.676010279
41.0809056924	-85.9127046149
40.6454198522	-86.146103052
40.1970174477	-86.3868257077
39.7436788263	-86.599105983
39.2808416051	-86.7847749246
38.8099706327	-86.9565278576
38.3319051441	-87.0886079357
37.8483388587	-87.225692898
37.3610646883	-87.3314057849
36.8698918999	-87.4244233645
36.3734929723	-87.5075532496
35.8711965258	-87.5682221944
35.3624761283	-87.6330415295
34.8504522031	-87.6909028552
34.3404348069	-87.7123872326
33.8264043497	-87.7357026646
33.3025624924	-87.7570649679
32.7582814861	-87.7787934844
32.2155645055	-87.8005220001
31.6622808148	-87.8228608663
31.1013753593	-87.8454438718
30.5293233569	-87.8683930933
29.9527471238	-87.8918305947
29.3709676443	-87.9150239523
28.7732885068	-87.9394380124
28.1858632729	-87.9395600832
27.5892522496	-87.9316255143
27.001651541	-87.9208833282
26.4005925826	-87.9084321554
25.800159234	-87.8962251232
25.1978185334	-87.8837739504
24.594600456	-87.871444847
23.9879872964	-87.8608247335
23.3831441579	-87.8705903552
22.7789266291	-87.8802339109
22.1692693408	-87.8920747312
21.5580709162	-87.9048921159
20.9456060111	-87.9179536374
20.3305165932	-87.9310151599
19.7110555343	-87.9438325474
19.0977742836	-87.9570161384
18.5084035581	-87.9697114504
17.9377858804	-87.9817964118
17.3599965743	-87.9944917266
16.7752950349	-88.007309109
16.1785848318	-88.0202485607
15.5888784111	-88.033676296
15.0253408111	-88.046493676
14.488353507	-88.0585786393
13.9714009927	-88.069809108
13.4506032637	-88.0814057901
12.9215963051	-88.0927583235
12.400279776	-88.1036225841
11.9021566085	-88.1139985644
11.411647576	-88.1241303957
10.9177358318	-88.1336518815
10.4093740152	-88.144027859
9.89745689998	-88.1546479748
9.37362267327	-88.1658784435
8.84063316998	-88.177597193
8.29522301548	-88.1895600832
7.74491478538	-88.2014009054
7.1911275562	-88.2194673107
6.64687706711	-88.2728120359
6.09159447532	-88.3304292238
5.55543114553	-88.4291841066
5.04311730107	-88.5732270791
4.5226705235	-88.7261811807
4.02675988071	-88.9152680915
3.52503563801	-89.1115571549
3.02292992454	-89.3141938741
2.54464318085	-89.5534516824
2.10314537911	-89.8347016876
1.66131188162	-90.1255952376
1.24441124825	-90.4479829352
0.873027579742	-90.8105317638
0.512828605075	-91.1808930896
0.171657339612	-91.5733491448
-0.161945564207	-91.9745942638
-0.46446631616	-92.3925630157
-0.757633431	-92.8194428966
-1.00748084392	-93.2649995354
-1.2263223948	-93.723007353
-1.43721411837	-94.1861421145
-1.59770606103	-94.6723481691
-1.73070166772	-95.1509858631
-1.81579993526	-95.6380464095
-1.89491675515	-96.1325532473
-1.97278235701	-96.6421968061
-2.0494577717	-97.1519624284
-2.1144907315	-97.6708833282
-2.15871070139	-98.1862641866
-2.20558570052	-98.7079927037
-2.25249121763	-99.2404634017
-2.30002234731	-99.7803803943
-2.33066199627	-100.324447779
-2.3584024728	-100.875961451
-2.38525794283	-101.436874539
-2.41160987091	-101.997299338
-2.43832801015	-102.567733909
-2.452091438	-103.145980984
-2.45808814326	-103.724594265
-2.4628488851	-104.304672391
-2.4485056228	-104.884140159
-2.43135474308	-105.467025902
-2.41196082451	-106.055282738
-2.39126990444	-106.65635696
-2.37050269393	-107.254257349
-2.34941504698	-107.862045438
-2.33905432932	-108.461776881
-2.33057044196	-109.063949733
-2.32320044877	-109.68052688
-2.31634925125	-110.291000514
-2.30914710241	-110.921371607
-2.30200598977	-111.544418484
-2.29498694569	-112.162826687
-2.28796790296	-112.782943872
-2.28091834334	-113.410385279
-2.27382300602	-114.033554224
-2.26773474866	-114.65318313
-2.27463172097	-115.273056176
-2.28094885941	-115.888168481
-2.28824256232	-116.504013207
-2.29578040354	-117.128891137
-2.30342505802	-117.757553244
-2.31091712252	-118.376449732
-2.31842444651	-118.997787624
-2.32599280466	-119.620712427
-2.33342383569	-120.244491724
-2.34067176178	-120.866073756
-2.3478739094	-121.489242701
-2.35542701092	-122.115585475
-2.36311744025	-122.75059524
-2.37045691838	-123.374130396
-2.37785743031	-124.008529809
-2.38528083096	-124.631576687
-2.39274237724	-125.255111843
-2.40023444325	-125.876205591
-2.40782569104	-126.500473169
-2.41549323156	-127.127304223
-2.42325232609	-127.757309109
-2.43082068581	-128.380233909
-2.43839667476	-128.999984891
-2.44609473366	-129.621078638
-2.45392249431	-130.241684107
-2.46182654519	-130.872421412
-2.46965430386	-131.505111843
-2.47742102877	-132.129013208
-2.48530219169	-132.751449734
-2.49324439262	-133.374252468
-2.50101111538	-133.99607864
-2.50870917609	-134.621200711
-2.51639960438	-135.246566918
-2.52428076806	-135.876449732
-2.52692054003	-136.498764184
-2.52203009895	-137.119003443
-2.51614020497	-137.736435086
-2.50956366677	-138.359237817
-2.50294135482	-138.982284693
-2.49612830533	-139.604477075
-2.4893534017	-140.224350125
-2.48284552898	-140.844467308
-2.47622321418	-141.467514186
-2.46978400357	-142.091171412
-2.46352790046	-142.716293483
-2.45776007802	-143.338119654
-2.45220587822	-143.955795435
-2.44617865735	-144.581894071
-2.43935035123	-145.207504421
-2.43184302491	-145.831161648
-2.42408393126	-146.45774856
-2.41620276612	-147.08567825
-2.40866492526	-147.70750442
-2.40163825353	-148.335067896
-2.39538977714	-148.958847194
-2.38882849819	-149.57896438
-2.38223670243	-150.214340359
-2.37536261772	-150.837875513
-2.36784003547	-151.463363793
-2.35979102348	-152.094711452
-2.35165045969	-152.720688016
-2.34294532053	-153.35105911
-2.33451483853	-153.974838407
-2.32725165546	-154.603500513
-2.32094977552	-155.225326683
-2.31432746246	-155.848617701
-2.30707190745	-156.470688012
-2.299427255	-157.09825149
-2.29157660704	-157.736190948
-2.28428290709	-158.358871609
-2.27705786948	-158.982772975
-2.26994727319	-159.605453641
-2.26290534309	-160.226547383
-2.2559397057	-160.852890163
-2.24913428572	-161.483383326
-2.24205420702	-162.112533716
-2.23473761685	-162.738632349
-2.22777198057	-163.365707545
-2.22083686176	-163.997299341
-2.21337531263	-164.634628443
-2.20613501762	-165.258773952
-2.19943641039	-165.880600122
-2.19256232551	-166.5048677
-2.18549750635	-167.138046409
-2.17927191994	-167.767074734
-2.17337439733	-168.391952662
-2.1666071245	-169.020248561
-2.15981696371	-169.645980982
-2.15366004279	-170.276107936
-2.14722846169	-170.900131373
-2.14052985259	-171.530258327
-2.13377784099	-172.160263211
-2.12705634302	-172.787460475
-2.12012122304	-173.416122584
-2.11420844251	-174.044296411
-2.10835669638	-174.672714382
-2.10104010918	-175.299789574
-2.09259436757	-175.918563989
-2.08440802729	-176.537338406
-2.0758020705	-177.161483911
-2.06679938489	-177.779892117
-2.05720923725	-178.403915553
-2.04845832218	-179.032455591
-2.04105017969	-179.653061064
-2.034328682	-180.281112819
-2.02695105714	-180.902328636
-2.01938269951	-181.526596217
-2.01220343664	-182.153793483
-2.00577185757	-182.776352075
-1.9992410969	-183.398178246
-1.99224494334	-184.012191921
-1.98520300974	-184.60984817
-1.9777109446	-185.218856957
-1.97004340449	-185.829330593
-1.96212409099	-186.442367701
-1.95496009139	-187.059188989
-1.94819281955	-187.671371609
-1.94147895114	-188.287704614
-1.93443701987	-188.904892117
-1.92738745897	-189.52342239
-1.92045233917	-190.145614773
-1.91354773706	-190.764145043
-1.90646003	-191.385727075
-1.89936469425	-192.008041531
-1.87057898811	-192.618148954
-1.83256171556	-193.226059107
-1.79074500251	-193.839828639
-1.74687598564	-194.456039576
-1.7024729065	-195.076400903
-1.65761969739	-195.705063015
-1.60862372699	-196.321029813
-1.52643989015	-196.919418483
-1.43630622013	-197.51353469
-1.31702826539	-198.09471145
-1.19350073917	-198.686386256
-1.04921363195	-199.269760282
-0.893070443068	-199.846908719
-0.733837349224	-200.425277857
-0.55030463438	-200.988022
-0.358738166571	-201.548568872
-0.140438302013	-202.092392116
0.0871923147934	-202.633651881
0.339313286939	-203.158432153
0.605952995771	-203.680648952
0.880977408902	-204.192123561
1.18783165712	-204.688461449
1.53321434837	-205.134140163
1.89868523483	-205.559677271
2.28359581681	-205.99546829
2.67014671984	-206.422592312
3.06243493024	-206.853622582
3.46005608351	-207.290634305
3.86869408365	-207.714462426
4.29149224074	-208.114975124
4.73057152517	-208.503646995
5.17676140624	-208.876938012
5.64314629475	-209.225326686
6.11955620692	-209.546981957
6.62611748476	-209.847519069
7.11845757207	-210.119735864
7.62661339599	-210.39109817
8.13544060581	-210.624496608
8.65605522873	-210.8486177
9.18300225155	-211.025131374
9.71068169398	-211.172836452
10.2569158259	-211.270370633
10.784686822	-211.306991723
11.324580926	-211.338119655
11.8783834138	-211.361801295
12.4351918861	-211.383285671
12.9961888955	-211.404770044
13.5662419961	-211.425766136
14.1464345616	-211.446029812
14.7276799859	-211.46604934
15.3100545584	-211.486557153
15.8957021415	-211.507919458
16.4976461104	-211.531112822
17.1084020314	-211.553451686
17.7151601488	-211.5751802
18.3182714168	-211.596298365
18.9259603192	-211.619369657
19.5365941703	-211.642440944
20.1491124788	-211.66429153
20.7717702553	-211.685165554
21.3916433029	-211.70701614
22.0114247974	-211.730209497
22.6374471367	-211.753280784
23.2562215511	-211.775375512
23.8806569742	-211.797348168
24.5121419604	-211.820175319
25.1438405689	-211.843124539
25.7787740386	-211.866195826
26.4007299115	-211.888168483
27.0273702326	-211.910141139
27.6509359053	-211.933090357
28.2739064859	-211.955551294
28.8940999678	-211.975326684
29.5152471243	-211.992050318
30.141483086	-212.008529811
30.7700917883	-212.025009303
31.3915059724	-212.037338404
32.0103109049	-212.031723168
32.6223714514	-212.026107937
33.2377431568	-212.018295436
33.8587987589	-212.010238796
34.4860265414	-212.00120559
35.1044728942	-211.990951688
35.7223012637	-211.979599147
36.3485982589	-211.969223171
36.99071862	-211.960800319
37.6190908129	-211.953720241
38.2429235161	-211.946029809
38.8741567301	-211.937240748
39.500514761	-211.928939969
40.1223561938	-211.921127466
40.7482259442	-211.913314967
41.3675496744	-211.905014188
41.9897420579	-211.896713404
42.6127889329	-211.888290556
43.2324636161	-211.879989771
43.8535878818	-211.871444848
44.473018424	-211.872909693
45.0831716233	-211.897323756
45.7021749201	-211.922836451
46.3102681818	-211.966415551
46.9109456724	-212.015243676
47.5029256506	-212.094223171
48.089610832	-212.212265161
48.6667363821	-212.338119654
49.2258413009	-212.506942895
49.7906453763	-212.686020047
50.3444326088	-212.875351103
50.8713491135	-213.106796414
51.3624990162	-213.391220243
51.8413961107	-213.691146995
52.3154637985	-214.003402857
52.7546041189	-214.346420435
53.1442067809	-214.728744654
53.5179708175	-215.136703643
53.8639333419	-215.562729032
54.1495473558	-216.013168483
54.4060170827	-216.490951682
54.6592977218	-216.971542507
54.8986928641	-217.463974149
55.0918691314	-217.957504419
55.2869832686	-218.454940942
55.4822957686	-218.964584497
55.6507527992	-219.478744654
55.8161885907	-219.996688992
55.9762838054	-220.529037624
56.0864827795	-221.058334499
56.1842458426	-221.586654809
56.2645528483	-222.119491726
56.2959096588	-222.647079617
56.3240316103	-223.181869655
56.3476522152	-223.725082543
56.3449971837	-224.269271999
56.3245656661	-224.815536645
56.3038900075	-225.361435085
56.2805440594	-225.917099145
56.2557027518	-226.483261258
56.2303121251	-227.054550319
56.2042806309	-227.641342307
56.17834069	-228.223495631
56.1514547048	-228.812362822
56.1247670818	-229.403183131
56.0982473062	-230.006698756
56.0700948398	-230.633529811
56.0227315584	-231.237655789
55.9745900788	-231.840561063
55.9229238206	-232.44602981
55.8699910815	-233.057113796
55.817073599	-233.671371607
55.7640340492	-234.283188014
55.7100484549	-234.899765161
55.655574577	-235.530014186
55.6017720869	-236.161850123
55.5492971097	-236.779281764
55.4963796307	-237.399154813
55.4433705977	-238.027572778
55.3847615877	-238.650009303
55.309840934	-239.260482937
55.2352864912	-239.86717239
55.1591756516	-240.475082545
55.0829122225	-241.08787551
55.0060231865	-241.706405786
54.9123189618	-242.312729029
54.8137777029	-242.915512232
54.7124059374	-243.526230005
54.6099050207	-244.139877465
54.4771077813	-244.734970239
54.3341787028	-245.323837427
54.1835363078	-245.927230979
54.0329015411	-246.522201686
53.8803975758	-247.12071243
53.7270238572	-247.71971145
53.5732534092	-248.317978053
53.4176824267	-248.924423365
53.2637212452	-249.528061063
53.1059148473	-250.124740747
52.9306218791	-250.714462429
52.7548635186	-251.30564895
52.5758931814	-251.901840356
52.3945653617	-252.504867702
52.2126882243	-253.097152854
52.0218389207	-253.679672389
51.8293187793	-254.269027858
51.6384618467	-254.853256375
51.4449804015	-255.444320826
51.2497594521	-256.039657742
51.0531652145	-256.639511256
50.8603322668	-257.22679153
50.6607244201	-257.819809107
50.457248466	-258.39915481
50.2547872235	-258.979232936
50.0480001143	-259.56968704
49.8395345398	-260.159286644
49.6321675949	-260.745468286
49.4241292656	-261.335067896
49.2186620408	-261.917953639
49.0104253457	-262.509018091
48.803691642	-263.095810084
48.5978887246	-263.681381371
48.3917348548	-264.267196804
48.1854131392	-264.851669458
47.9769399336	-265.440536649
47.7687184971	-266.029892113
47.559352653	-266.627304227
47.3561055832	-267.212753445
47.1481435475	-267.810653835
46.9325826346	-268.388290551
46.7070348422	-268.956283718
46.479160087	-269.527938989
46.2471883462	-270.111068874
46.0070760417	-270.682480005
45.7656362239	-271.247665555
45.5253789588	-271.80931106
45.2837026301	-272.379501489
45.041522757	-272.95042434
44.7992589645	-273.517807154
44.5471685088	-274.08531204
44.2928273843	-274.650497583
44.0366704621	-275.216171413
43.781223075	-275.775497583
43.5266072913	-276.333725126
43.2665288631	-276.906112819
42.9961965258	-277.466537624
42.7193105397	-278.021835474
42.4450338065	-278.571762231
42.1720082933	-279.117660666
41.8966558151	-279.66734329
41.6184423146	-280.221298367
41.3388555223	-280.77696243
41.0591085124	-281.331649929
40.7770345393	-281.89109817
40.4987065955	-282.442367699
40.2193792036	-282.995590356
39.9389913239	-283.551254418
39.6576345149	-284.109359889
39.3763539961	-284.667343289
39.0995214148	-285.223617701
38.8222921081	-285.784408715
38.5473210999	-286.341537621
38.2710759793	-286.901474147
37.9947240526	-287.462143091
37.7180059132	-288.023422388
37.4415090266	-288.583847192
37.1633107825	-289.148056179
36.8886449503	-289.705063016
36.6147573172	-290.260727076
36.3373830488	-290.824203637
36.0597036074	-291.38792434
35.7824514068	-291.949936062
35.5041387242	-292.514145045
35.2274968784	-293.075546415
34.9519155198	-293.634384301
34.6731679608	-294.199691918
34.3960759812	-294.76121536
34.1167791063	-295.327377468
33.8407247238	-295.886947778
33.5628545452	-296.450180205
33.2863118816	-297.010727076
33.0102422413	-297.570297388
32.7331197424	-298.131820824
32.4575841583	-298.690048367
32.180919427	-299.250229028
31.9070775668	-299.805282739
31.6333577806	-300.360458521
31.3562047651	-300.922836449
31.0801198655	-301.482895044
30.8003347084	-302.050277861
30.5236623453	-302.611190941
30.2486989677	-303.169174342
29.9691426934	-303.725570829
29.6824758234	-304.277084496
29.3914754558	-304.835434107
29.1048391038	-305.384628444
28.813136833	-305.944198756
28.5272176447	-306.492538597
28.2409703896	-307.040756372
27.948306815	-307.600204616
27.6576802892	-308.15623489
27.3678395914	-308.711776878
27.0781896278	-309.266464381
26.7898214038	-309.817733913
26.4990575499	-310.373520046
26.2103154844	-310.92601028
25.9224279096	-311.477646021
25.6336324377	-312.031601097
25.3437535924	-312.587143093
25.0490453407	-313.151596215
24.7607686684	-313.704330591
24.472430961	-314.256820825
24.1831319514	-314.810897976
23.8927571952	-315.368148951
23.6019857113	-315.92576614
23.3087423013	-316.487045435
23.0212361983	-317.036728053
22.7323033969	-317.5895845
22.4357717211	-318.156601097
22.1473195714	-318.707870631
21.8555867833	-319.265609889
21.5689275424	-319.813827664
21.277026909	-320.371933132
20.9867818523	-320.926864773
20.6987416917	-321.477890162
20.4105718308	-322.028793482
20.115405815	-322.592514183
19.8284719161	-323.141220242
19.5384786292	-323.697006374
19.2503545463	-324.249618675
18.9612310091	-324.803329617
18.6720311799	-325.356308131
18.3841130899	-325.907577664
18.0961644822	-326.459823756
17.8063848196	-327.015243679
17.5161931675	-327.577255397
17.2388799364	-328.136825712
16.9633748706	-328.693710473
16.691089408	-329.246811061
16.4176442796	-329.802108912
16.1585958167	-330.355087429
15.8964498218	-330.916366722
15.6313512503	-331.487533718
15.3714177789	-332.047958522
15.1041143109	-332.624984889
14.8436010046	-333.187729026
14.5808675464	-333.75462356
14.3191716837	-334.319076685
14.0571401286	-334.883896022
13.7936742473	-335.451278832
13.5307271662	-336.017929224
13.2661626515	-336.587875513
13.0022847822	-337.156845241
12.737071768	-337.728500513
12.4760701841	-338.290756376
12.2137105641	-338.856063987
11.9520299607	-339.420150901
11.6898992235	-339.985336451
11.4265554127	-340.554184107
11.1630895303	-341.123520046
10.9023549723	-341.687851099
10.6418645547	-342.251693872
10.3800771411	-342.817123561
10.1159169828	-343.386459498
9.85314537701	-343.951889185
9.59039665945	-344.517685086
9.32526756951	-345.089340359
9.06213738292	-345.657211451
8.79851128318	-346.225814967
8.53644158086	-346.789779812
8.27246453124	-347.357772978
8.00725151727	-347.922592311
7.72816826648	-348.470932156
7.44685723085	-349.022689965
7.16666771827	-349.567978053
6.88278557442	-350.119857938
6.59668328031	-350.674789573
6.29679466994	-351.212265161
5.99261071021	-351.755233912
5.69123436714	-352.288192897
5.38627220981	-352.827255399
5.08445336064	-353.361557153
4.78032280557	-353.899887232
4.47584130079	-354.437851102
4.16916252824	-354.978622585
3.86156822846	-355.520492704
3.55569054547	-356.059677271
3.24854637892	-356.600082545
2.9418141999	-357.140609888
2.63387657842	-357.682968285
2.32595421583	-358.224838403
2.01968743053	-358.762924345
1.71167351643	-359.304550318
1.40414025192	-359.846542504
1.09827782464	-360.387191921
0.790859001223	-360.930893091
0.484210747527	-361.473007349
0.17827965616	-362.013778835
-0.127712471585	-362.555160668
-0.432811958017	-363.094711451
-0.742374641122	-363.64073196
-1.05003760598	-364.183944852
-1.3588907551	-364.729721214
-1.66789649078	-365.275985866
-1.97613166051	-365.821029813
-2.28056739189	-366.361557152
-2.58548377332	-366.903183131
-2.89165137679	-367.445785666
-3.19888709352	-367.988510281
-3.50533698284	-368.529770045
-3.81241248228	-369.071884304
-4.12157080788	-369.617904809
-4.43079016893	-370.164413597
-4.73718665272	-370.706283719
-5.04662726633	-371.253891138
-5.35240576987	-371.795150904
-5.66086219152	-372.340561059
-5.96942542243	-372.885605007
-6.27513526176	-373.425033717
-6.58565924759	-373.972396994
-6.89188025531	-374.512558128
-7.19684241561	-375.055038597
-7.48791907588	-375.59666458
-7.7822153403	-376.143539577
-8.07423804398	-376.688949733
-8.36648200254	-377.234970241
-8.66181586584	-377.786972194
-8.95318244287	-378.331527859
-9.24789069215	-378.882553248
-9.54227851081	-379.432968292
-9.83582709392	-379.981796411
-10.129772406	-380.53172317
-10.4256212534	-381.085189966
-10.719043953	-381.633651882
-11.013740761	-382.184555199
-11.3077280357	-382.73399368
-11.5997927014	-383.279892115
-11.8939668956	-383.830063012
-12.1870882334	-384.378280787
-12.4839784924	-384.933578639
-12.7815782863	-385.490341333
-13.0798647234	-386.04783645
-13.376011116	-386.601913604
-13.6693270045	-387.151107937
-13.9628069216	-387.700668484
-14.2558405231	-388.249252466
-14.5488092727	-388.797714378
-14.8428690272	-389.348373558
-15.1371271438	-389.898666526
-15.4329416592	-390.451645046
-15.728252632	-391.003280787
-16.022773964	-391.553207542
-16.3165018376	-392.101547387
-16.6141741113	-392.657333521
-16.9219934761	-393.193832544
-17.2296449973	-393.72349563
-17.5435259186	-394.258529813
-17.8566400829	-394.790756368
-18.1690447163	-395.321640162
-18.4840357141	-395.856918484
-18.7974092794	-396.389389185
-19.1182825401	-396.934799341
-19.4354555438	-397.47386184
-19.7486154862	-398.005844264
-20.064254981	-398.542221216
-20.373188241	-399.089584497
-20.677349311	-399.632064967
-20.9774973226	-400.170150906
-21.2770731277	-400.707748561
-21.5769541106	-401.246078638
-21.8785936658	-401.786728051
-22.1830713575	-402.332260281
-22.4849550545	-402.873153832
-22.7895433726	-403.419052274
-23.0929148028	-403.962753444
-23.3965380017	-404.506332544
-23.7009393994	-405.051498559
-24.0028612438	-405.592514187
-24.3059732752	-406.135360864
-24.611644967	-406.682846217
-24.9155390104	-407.22740188
-25.2186319665	-407.770248561
-25.5219576177	-408.313949732
-25.8243753736	-408.856552271
-26.1298410721	-409.405380398
-26.434688789	-409.95274368
-26.7399256066	-410.50083938
-27.0433695149	-411.045761254
-27.3482019741	-411.592758329
-27.6517336197	-412.137802271
-27.9584963147	-412.688705593
-28.2643816305	-413.238266138
-28.5691034633	-413.78599563
-28.8721620867	-414.330673365
-29.1796610183	-414.883041529
-29.4831201874	-415.427963404
-29.7840082468	-415.96849075
-30.0883028348	-416.515121604
-30.3946955043	-417.065658715
-30.7001840892	-417.614486842
-31.0024149252	-418.157699733
-31.3039133382	-418.7001802
-31.6044580767	-419.240219264
-31.9066126189	-419.783188013
-32.2086794223	-420.325424344
-32.5103876423	-420.867538598
-32.8141214679	-421.413192899
-33.1195642786	-421.961410671
-33.4228288967	-422.505722193
-33.7251398378	-423.048080593
-34.0265810322	-423.588607935
-34.3313333817	-424.135238795
-34.6413309408	-424.69126907
-34.9437944724	-425.233627468
-35.2489740684	-425.780746606
-35.5546114276	-426.328476103
-35.8597986541	-426.875595238
-36.1683389981	-427.428939966
-36.4721033412	-427.973861839
-36.778644783	-428.523666529
-37.0847360919	-429.072494653
-37.3903276749	-429.620590357
-37.700481637	-430.177230983
-38.0037500685	-430.722152859
-38.3070413888	-431.265854032
-38.6114046409	-431.811508325
-38.9172632522	-432.360092308
-39.2240335774	-432.911605984
-39.5303537679	-433.460189967
-39.8376314461	-434.006454615
-40.1462519	-434.554550321
-40.4516870806	-435.103134301
-40.7516596152	-435.645248563
-41.0535852741	-436.189071802
-41.3583814923	-436.736068876
-41.6607286773	-437.279770046
-41.9620821289	-437.822860868
-42.2667028741	-438.371811059
-42.5717108089	-438.920639187
-42.8766825029	-439.46885696
-43.1851541829	-440.023178248
-43.4871561375	-440.566147001
-43.7893564525	-441.109115751
-44.0935270609	-441.655746609
-44.3998720461	-442.206527856
-44.7059290238	-442.756454617
-45.0139696414	-443.309433133
-45.317037805	-443.853012236
-45.6243746106	-444.403671409
-45.9280836407	-444.947860864
-46.2354566873	-445.498520046
-46.5448915785	-446.052597193
-46.8508932417	-446.600448754
-47.1547777466	-447.144149927
-47.4585916831	-447.687362821
-47.7625810938	-448.23167434
-48.066833719	-448.776352075
-48.3710844364	-449.321273954
-48.6785681087	-449.872787626
-48.9840147323	-450.421249536
-49.2880575488	-450.967270046
-49.5929186168	-451.515121606
-49.8981153803	-452.063827662
-50.2067186646	-452.618637232
-50.5120355913	-453.167465357
-50.813993676	-453.709945828
-51.1201517408	-454.259750515
-51.4235651317	-454.804062036
-51.7317545245	-455.357040552
-52.0402395563	-455.910507348
-52.3432161638	-456.453842312
-52.649921638	-457.003402861
-52.9535028773	-457.546859892
-53.2611200648	-458.09776321
-53.563945993	-458.640731959
-53.8699037858	-459.189438012
-54.1773493111	-459.740829614
-54.4795992197	-460.282821805
-54.7827818221	-460.826400904
-55.0872537931	-461.3720552
-55.3934290232	-461.920883326
-55.7001459441	-462.470443872
-56.0086595861	-463.023300319
-56.3140756907	-463.571151881
-56.6270830461	-464.133773952
-56.9289133382	-464.676498561
-57.2338116014	-465.224838405
-57.5368749936	-465.769149931
-57.8425257034	-466.318344264
-58.1439974137	-466.860336448
-58.447078927	-467.405014187
-58.7495939571	-467.948227078
-59.0522301023	-468.491684109
-59.3621885609	-469.047470241
-59.6711275412	-469.60142532
-59.9764911958	-470.149521022
-60.2774641336	-470.689682152
-60.579613908	-471.23191848
-60.8852045368	-471.780380394
-61.1889307324	-472.325302272
-61.492104752	-472.869125515
-61.7964804008	-473.415878445
-62.1001560523	-473.961776879
-62.4023353894	-474.504989771
-62.7110502543	-475.05894485
-63.0138046561	-475.602523952
-63.3160402607	-476.14537063
-63.6195404351	-476.691146999
-63.920127136	-477.231918483
-64.223639709	-477.777084498
-64.5267031019	-478.319809109
-64.8300173123	-478.86399856
-65.1364443129	-479.414535671
-65.4441201516	-479.966293484
-65.7513639752	-480.517929223
-66.0535785985	-481.061020044
-66.3561403592	-481.60484329
-66.6579139049	-482.147079617
-66.964393837	-482.697982938
-67.2660667723	-483.238876487
-67.5690033263	-483.781723169
-67.8758737881	-484.332138211
-68.1818783121	-484.882309104
-68.4892389616	-485.434311061
-68.8075334872	-486.0048677
-69.1111585923	-486.549179225
-69.4143774325	-487.093002466
-69.7172243429	-487.636825711
-70.0337850875	-488.205307154
-70.3366911252	-488.749252467
-70.64338611	-489.299179223
-70.9497453997	-489.84800735
-71.2525045697	-490.390854028
-71.5566541975	-490.937118677
-71.8593771284	-491.480575709
-72.1655885996	-492.030136259
-72.4696352306	-492.575546414
-72.7708837812	-493.115219262
-73.0770113301	-493.664291528
-73.3798658685	-494.208847194
-73.6854002316	-494.758407742
-73.987138971	-495.30113235
-74.2873079617	-495.84068313
-74.5920488653	-496.388046413
-74.9008295363	-496.94285598
-75.2037355727	-497.486679222
-75.5083591768	-498.033310088
-75.809786064	-498.574203638
-76.1151258766	-499.12242141
-76.4201757738	-499.667831565
-76.7270357432	-500.213119653
-77.0374586424	-500.758651879
-77.3520128554	-501.314193874
-77.6512434301	-501.855575709
-77.948217613	-502.396957546
-78.2529623344	-502.942489771
-78.558315498	-503.487777856
-78.8660070719	-504.041000513
-79.1684953998	-504.584945825
-79.4710924446	-505.127426291
-79.7745439847	-505.673202663
-80.0748102486	-506.214584501
-80.3802149117	-506.754867704
-80.6912519766	-507.303573758
-80.9965708098	-507.847152858
-81.298874121	-508.393539575
-81.6091043768	-508.954086453
-81.9165365533	-509.511947779
-82.218015892	-510.057602077
-82.5182955103	-510.596298368
-82.8202669449	-511.137558131
-83.126762611	-511.687973169
-83.4344179449	-512.231552273
-83.7449400259	-512.759628447
-84.0620653463	-513.296615748
-84.3780424437	-513.831161648
-84.7022898034	-514.37474075
-85.0330450374	-514.897567896
-85.3657228788	-515.417343288
-85.7005808181	-515.934188993
-86.043567878	-516.441146998
-86.3900263144	-516.938705593
-86.7408830957	-517.440902858
-87.0941316907	-517.94468704
-87.4525949786	-518.451889186
-87.8235723809	-518.931015162
-88.1942713102	-519.405624538
-88.5705873804	-519.879623558
-88.9522421202	-520.358261256
-89.3422949149	-520.845810085
-89.7406771006	-521.321273949
-90.1300146413	-521.787948754
-90.5244791342	-522.260849145
-90.9146272974	-522.728256374
-91.2891428294	-523.176010281
-91.6438295669	-523.600082546
-91.9810068419	-523.995712424
-92.3063471139	-524.379379422
-92.6113436046	-524.739120633
-92.9015772179	-525.081283716
-93.1772501314	-525.403061058
-93.4552461928	-525.672958522
-93.7141001059	-525.927963405
-93.9544718091	-526.166977077
-94.1874086683	-526.398544456
-94.4005472485	-526.609237817
-94.560829383	-526.766708524
-94.6428644487	-526.846664578
