-87.1993334125	-529.507187036
-87.1143324213	-529.353988794
-87.0586130443	-529.253769068
-86.9991152127	-529.146591336
-86.9333441077	-529.027938993
-86.8677313154	-528.909652858
-86.8037893592	-528.79429641
-86.7390615783	-528.677719266
-86.6704809479	-528.554062037
-86.5863935788	-528.402450707
-86.5010111168	-528.247909695
-86.4059030849	-528.075790555
-86.3077967003	-527.898056175
-86.1968691197	-527.697372581
-86.0765573817	-527.479355006
-85.9575064002	-527.262802273
-85.8170168229	-527.00828567
-85.6738378836	-526.74888626
-85.5331461273	-526.493881375
-85.3839590375	-526.223617701
-85.2287523578	-525.942855984
-85.0654623337	-525.647689967
-84.8955862353	-525.33995071
-84.7191946345	-525.020126489
-84.5370790787	-524.689804225
-84.3515283892	-524.351913602
-84.1600916199	-524.002548364
-83.963718636	-523.641464381
-83.7615759199	-523.271591334
-83.5528948134	-522.889755396
-83.3361971211	-522.496322779
-83.1145117113	-522.095077661
-82.8816759419	-521.67332473
-82.6474840462	-521.249374537
-82.4311983416	-520.857162623
-82.1963751139	-520.431259305
-81.9696314159	-520.019149928
-81.7443468389	-519.609848169
-81.5108625706	-519.185775905
-81.2661955188	-518.742050321
-81.025539619	-518.304550317
-80.7471315696	-517.799789577
-80.5174639066	-517.384750514
-80.2845804521	-516.963730005
-80.0484545063	-516.536117702
-79.807474357	-516.099105984
-79.5615141212	-515.653061062
-79.3039324112	-515.185897977
-79.0476991955	-514.721420436
-78.785063012	-514.246200708
-78.521019203	-513.767929225
-78.2546636878	-513.284897002
-77.9847032843	-512.795761256
-77.7105352716	-512.298813014
-77.4307977974	-511.791366726
-77.1517031009	-511.284774924
-76.8796198205	-510.790268093
-76.6134893711	-510.30564895
-76.3452226935	-509.816391141
-76.0711157154	-509.316757349
-75.7927496253	-508.809921415
-75.5151073775	-508.30442825
-75.2334339438	-507.791610866
-74.9505922634	-507.277328639
-74.6639721232	-506.755966332
-74.3708298051	-506.222641141
-74.0696184483	-505.674789578
-73.7751619658	-505.139267117
-73.4760896991	-504.595321802
-73.1772806477	-504.050522
-72.8611852956	-503.473129418
-72.562854034	-502.927963405
-72.2671024624	-502.38829055
-71.9684727034	-501.843979029
-71.6679088889	-501.296371608
-71.368590577	-500.751449735
-71.0667927103	-500.202499535
-70.7655288992	-499.653793482
-70.4677097628	-499.111068873
-70.1645128555	-498.558700711
-69.8654634798	-498.013656764
-69.5648243265	-497.465927274
-69.2659370717	-496.921493677
-68.9631731345	-496.370590358
-68.6629507381	-495.82420364
-68.3616249377	-495.274765163
-68.0600635835	-494.723861842
-67.7566149061	-494.171249538
-67.453807098	-493.621566921
-67.1518809622	-493.072494649
-66.8527300185	-492.527450706
-66.5500795673	-491.975692896
-66.2481725054	-491.425888211
-65.9446537329	-490.873397976
-65.6452495881	-490.327743678
-65.3457815482	-489.782089381
-65.0441095654	-489.232528835
-64.7457535088	-488.688949732
-64.4463960968	-488.143295433
-64.1470329594	-487.597519068
-63.8439161615	-487.045395044
-63.5361425711	-486.484848169
-63.2022936168	-485.876449731
-62.906630737	-485.337387232
-62.6089346235	-484.794662625
-62.3290512391	-484.284408715
-62.0263845751	-483.732895045
-61.7158539134	-483.166732937
-61.4087927181	-482.606552271
-61.1215574566	-482.082016137
-60.8391125043	-481.566146998
-60.5632517166	-481.062240746
-60.2414400408	-480.475082545
-59.9594185187	-479.960678249
-59.6774923634	-479.44627395
-59.3933517754	-478.927475122
-59.1189491565	-478.42698684
-58.8469116528	-477.930526881
-58.5724842376	-477.429794459
-58.2900411917	-476.91416946
-58.0054685914	-476.394882353
-57.7207376799	-475.875473168
-57.4332945187	-475.350448754
-57.1604826278	-474.850570826
-56.8919374766	-474.357528836
-56.6199648204	-473.858505398
-56.3434030842	-473.353500513
-56.0613596268	-472.839584495
-55.7775289851	-472.322494654
-55.4917261438	-471.800888212
-55.2065050432	-471.280624537
-54.9355470965	-470.78575149
-54.6691896735	-470.297958521
-54.3958666158	-469.79771438
-54.1237013176	-469.299667504
-53.8469240504	-468.793808132
-53.5644800493	-468.277938989
-53.2802145303	-467.759018093
-53.0087625805	-467.26231399
-52.7446424775	-466.777694851
-52.4771768873	-466.286850123
-52.206833106	-465.788681173
-51.9220850282	-465.28953567
-51.6390230471	-464.796127466
-51.3501245819	-464.297104032
-51.0573694528	-463.790390164
-50.7581026392	-463.268417505
-50.461250528	-462.748520043
-50.1590635611	-462.220565946
-49.8491575546	-461.681625512
-49.5427362759	-461.148666528
-49.2324106522	-460.608749538
-48.9271738363	-460.077743676
-48.6199037867	-459.54331985
-48.3203604064	-459.022812037
-48.0298044517	-458.517440941
-47.7431261368	-458.018051297
-47.4460604029	-457.500595236
-47.157627327	-456.998886254
-46.8798029255	-456.515487818
-46.6183473894	-456.060043482
-46.3606283492	-455.610214381
-46.0985777216	-455.152450711
-45.8325884173	-454.687729029
-45.5620119413	-454.21543899
-45.2898962338	-453.740707546
-45.0107042632	-453.253769065
-44.7508318248	-452.800155787
-44.4989931405	-452.360580593
-44.2546541521	-451.933822778
-43.9996778797	-451.488144067
-43.7494432747	-451.050277856
-43.4632952033	-450.549789576
-43.2027418446	-450.094711452
-42.9527532881	-449.657577663
-42.7145483309	-449.238632347
-42.4749300301	-448.814193872
-42.231348258	-448.384018094
-41.9842474289	-447.948349145
-41.7270662617	-447.495590358
-41.4695684742	-447.041855005
-41.216415628	-446.595688014
-40.9740488365	-446.168930206
-40.7305872265	-445.739486844
-40.4822275469	-445.301498558
-40.2295381863	-444.855575708
-39.9730913474	-444.403427273
-39.7119333572	-443.943100123
-39.457477791	-443.494735866
-39.2146265333	-443.066513211
-38.9703752813	-442.635482933
-38.7211267765	-442.195785669
-38.4645654975	-441.743637234
-38.2073175728	-441.290390162
-37.9602320014	-440.855087428
-37.7256967855	-440.441879421
-37.4990961371	-440.041610867
-37.2697794262	-439.636215358
-37.0394480051	-439.228988796
-36.8195001908	-438.840438987
-36.6107523278	-438.471908716
-36.3960687944	-438.092636257
-36.1913950273	-437.731308133
-36.0024759596	-437.397812036
-35.8021890946	-437.04429641
-35.6010401072	-436.688583524
-35.4028513272	-436.337875516
-35.2031481076	-435.976059106
-35.0286066358	-435.600204615
-34.8443376853	-435.219467313
-34.65475486	-434.826645043
-34.4795496293	-434.420517114
-34.3170130081	-434.013046413
-34.1482355421	-433.59837356
-33.9729959798	-433.166488794
-33.8146555243	-432.719223171
-33.6563913644	-432.278793481
-33.4946100542	-431.825546412
-33.3610231694	-431.369491723
-33.2364389733	-430.939438012
-33.1166536633	-430.521835474
-32.9955560985	-430.095688017
-32.8726541832	-429.662826687
-32.7550852138	-429.215683132
-32.6627199483	-428.766830591
-32.5633623427	-428.310653837
-32.4669344262	-427.841781763
-32.3783991152	-427.369491722
-32.2922708807	-426.893417507
-32.2521440812	-426.418563988
-32.2740518873	-425.948837429
-32.3522302937	-425.488144069
-32.4331285768	-425.021835472
-32.5217325515	-424.54856887
-32.6138117147	-424.064682154
-32.7251131352	-423.581771997
-32.8604433372	-423.109237814
-33.0239679633	-422.642318873
-33.2408029878	-422.209335472
-33.5102579421	-421.819442898
-33.8260614703	-421.476059106
-34.148174508	-421.138046413
-34.4603388136	-420.819687039
-34.7611925447	-420.518173365
-35.0489237121	-420.230453639
-35.3444101638	-419.935165553
-35.6514475169	-419.649887234
-35.9902803741	-419.406967311
-36.3368799519	-419.163803246
-36.6878855071	-418.91416946
-37.0599634479	-418.684311061
-37.4407274562	-418.481918484
-37.8304560019	-418.288803248
-38.2311098404	-418.10533157
-38.6344377838	-417.917221214
-39.0493585881	-417.746078641
-39.4713060699	-417.59825149
-39.9057428681	-417.439804225
-40.3468515716	-417.313217311
-40.7941400829	-417.195419456
-41.2522966697	-417.072982935
-41.7139627769	-416.965316922
-42.184519036	-416.875106959
-42.657705528	-416.780502467
-43.1512853918	-416.682357933
-43.6481649714	-416.583358913
-44.1545851069	-416.483017116
-44.6380235981	-416.387436059
-45.0920431453	-416.297714379
-45.5235140155	-416.212265162
-45.9413721397	-416.12937942
-46.3429796534	-416.017440945
-46.7175791105	-415.877914578
-47.0732118905	-415.754745631
-47.4057695682	-415.6376802
-47.7262308432	-415.524887233
-48.0348913493	-415.415878443
-48.3587381679	-415.301986839
-48.6701948469	-415.192245629
-48.9916136104	-415.07896438
-49.31923507	-414.950302271
-49.6566049885	-414.822494654
-50.0042230911	-414.690780788
-50.3590433431	-414.550399927
-50.7018987961	-414.386215356
-51.0632707916	-414.222641139
-51.4232084571	-414.046127467
-51.7869245837	-413.859115749
-52.1486551589	-413.661361841
-52.4871866538	-413.42955032
-52.8391401612	-413.197494654
-53.1681597076	-412.942489772
-53.4743788081	-412.663314964
-53.7706281953	-412.369247586
-54.0238458937	-412.044662623
-54.2838823616	-411.71849075
-54.5524198839	-411.383529812
-54.8288271262	-411.037460475
-55.1113855666	-410.683334497
-55.4005949341	-410.320907739
-55.7032167744	-409.956649929
-56.0152399365	-409.600814966
-56.3317434621	-409.236068874
-56.6595709161	-408.858993676
-56.9908506698	-408.478134306
-57.3300897895	-408.088241724
-57.6770727457	-407.705429226
-58.0418379145	-407.33714309
-58.4058706585	-406.965438991
-58.7861139603	-406.581771993
-59.1804926221	-406.225570827
-59.5741884548	-405.869491724
-59.9827806789	-405.502426297
-60.3941347428	-405.13328567
-60.8106767961	-404.759384302
-61.2322389922	-404.381820829
-61.6613886177	-403.997421414
-62.0896456061	-403.614608912
-62.5212709737	-403.228744654
-62.9452936474	-402.827621609
-63.3407366113	-402.415023952
-63.7255861581	-401.989120627
-64.0732118916	-401.541855008
-64.4192087477	-401.093002467
-64.7678987802	-400.632064966
-65.1239244768	-400.159774928
-65.4730150533	-399.676132347
-65.7656481099	-399.189682153
-66.0518114397	-398.698959498
-66.3056261356	-398.190658716
-66.5465585999	-397.676986841
-66.7617380468	-397.160995631
-66.9630815812	-396.633773949
-67.129734261	-396.1064302
-67.2593042692	-395.573959499
-67.3520319284	-395.034896996
-67.414730292	-394.496200709
-67.4132044162	-393.970199732
-67.3871462169	-393.444076686
-67.3546373682	-392.905746606
-67.2987100919	-392.374008324
-67.2408907235	-391.835556178
-67.1811411212	-391.287826688
-67.103012305	-390.744247585
-67.0000955899	-390.212143091
-66.8873064332	-389.678207546
-66.7309534389	-389.155258325
-66.5747339558	-388.637436059
-66.3995020215	-388.112655786
-66.1960604024	-387.608993681
-65.9928781808	-387.099350124
-65.7725870433	-386.598861842
-65.5454828567	-386.092636258
-65.3164026561	-385.585312034
-65.0822565373	-385.068832544
-64.8428957291	-384.54808059
-64.5843012164	-384.012924344
-64.3358309111	-383.494491727
-64.0802919689	-382.96165481
-63.823860389	-382.4267427
-63.5473406136	-381.905258326
-63.2628023451	-381.386947779
-62.9741976103	-380.869003445
-62.6809274987	-380.346420436
-62.383030159	-379.816635276
-62.0866014783	-379.288803249
-61.7836420368	-378.749008324
-61.4833948454	-378.21226516
-61.1825296705	-377.67308059
-60.8824121783	-377.134506375
-60.5781404816	-376.589950708
-60.269951088	-376.040023952
-59.9659693078	-375.498642119
-59.6620714493	-374.957382352
-59.3660509415	-374.430648951
-59.0755655592	-373.912948755
-58.7854540183	-373.394271998
-58.4873583151	-372.861190944
-58.192569954	-372.334091336
-57.8964540778	-371.804794461
-57.5990564649	-371.273422386
-57.3136369999	-370.763534695
-57.0256388026	-370.248520044
-56.7372820206	-369.732284693
-56.4465105357	-369.212631373
-56.1604349437	-368.702133327
-55.8871118851	-368.214340357
-55.6250231091	-367.745102077
-55.3542291942	-367.259872586
-55.084537728	-366.776230007
-54.8089372942	-366.284897001
-54.5092356036	-365.816757348
-54.2023126898	-365.354843289
-53.8709642706	-364.902572782
-53.53649543	-364.461776881
-53.1921160056	-364.013412623
-52.8305055932	-363.593002467
-52.4637529679	-363.17698684
-52.071251136	-362.803573756
-51.6656954116	-362.443222195
-51.2304270107	-362.115463402
-50.7726671539	-361.856430201
-50.2916338274	-361.656112819
-49.8022806466	-361.459091336
-49.3017771068	-361.289779811
-48.7981645892	-361.170395046
-48.2910044028	-361.053573755
-47.7768289865	-360.983627465
-47.273468239	-360.979355005
-46.7756655046	-361.043930199
-46.289543375	-361.166855005
-45.8064958883	-361.296127471
-45.3153955757	-361.437606956
-44.8003732994	-361.587021024
-44.2794992768	-361.737289578
-43.7665903403	-361.903549341
-43.2722894971	-362.094467308
-42.7694399196	-362.285019069
-42.2537653276	-362.482650904
-41.7325746859	-362.682357936
-41.1978990871	-362.887924341
-40.6653635324	-363.098983911
-40.1525919258	-363.340438989
-39.6397363979	-363.582504421
-39.123909217	-363.828842309
-38.589534982	-364.085312034
-38.0715181668	-364.348007348
-37.5555383983	-364.619980006
-37.0377428363	-364.895126491
-36.5133211429	-365.175644069
-35.9802591645	-365.460556177
-35.4516565639	-365.756698754
-34.9277078934	-366.052108913
-34.3919527362	-366.355331571
-33.8574564293	-366.657943874
-33.3118707964	-366.967270046
-32.7795793844	-367.269149925
-32.2581140811	-367.564804222
-31.7380983662	-367.859115746
-31.2190401377	-368.152938991
-30.6958582232	-368.448959497
-30.1705782245	-368.7458345
-29.6569330522	-369.035751488
-29.170307382	-369.309921412
-28.7080995855	-369.570297387
-28.2669794385	-369.817978053
-27.8166010227	-370.070785669
-27.3635446868	-370.32481399
-26.8843042677	-370.593856959
-26.4153368319	-370.857650906
-25.9344637212	-371.128769069
-25.4524500205	-371.400253444
-24.9593546235	-371.677719263
-24.4509432145	-371.963974147
-23.9502184233	-372.246078637
-23.4462702088	-372.530136257
-22.9310610116	-372.820175317
-22.4145166719	-373.110702664
-21.8954126664	-373.40257278
-21.3657190631	-373.700302273
-20.8364527056	-373.998031764
-20.3048479389	-374.29734817
-19.7728426297	-374.596664573
-19.2370683972	-374.898422388
-18.6967623064	-375.202621609
-18.1551973644	-375.50779739
-17.6143953626	-375.812362819
-17.0727960901	-376.117538602
-16.5319139782	-376.422714383
-15.9852220858	-376.73118606
-15.4401933964	-377.038681175
-14.8970606161	-377.345199734
-14.3534052203	-377.651840357
-13.8093263929	-377.959091335
-13.2625315023	-378.267929225
-12.7166025465	-378.576156764
-12.1759798346	-378.881332545
-11.6253206574	-379.192367702
-11.0847093882	-379.49717727
-10.5472071005	-379.800277859
-10.0022699662	-380.107528834
-9.45586417406	-380.415634303
-8.91655371862	-380.719955591
-8.37729285337	-381.023910669
-7.83698676387	-381.32835403
-7.28982947586	-381.636581571
-6.75877784076	-381.935775905
-6.25121711055	-382.221420435
-5.7639200511	-382.495834497
-5.26213477395	-382.77818313
-4.76845954068	-383.055893092
-4.27040503745	-383.335800319
-3.75763342943	-383.624008325
-3.2416269618	-383.914291531
-2.72725318215	-384.203354029
-2.20846961229	-384.495102075
-1.6817056975	-384.7914888
-1.13888953434	-385.096664575
-0.607517464203	-385.395614771
-0.0682413408067	-385.69908157
0.46724297246	-386.000351099
1.00990654738	-386.305526879
1.53620507091	-386.601669456
2.03860070044	-386.883896021
2.51773430663	-387.153061059
2.97214867431	-387.408310082
3.40201165091	-387.649276879
3.8218877482	-387.884628443
4.24968315824	-388.124496608
4.68239189987	-388.36705032
5.12475182337	-388.615219265
5.58037163614	-388.870956569
6.04337669979	-389.130600122
6.51102806744	-389.393051293
6.98680474202	-389.659896994
7.47149254568	-389.931747584
7.96944786748	-390.210922391
8.46352745756	-390.488144069
8.95715691335	-390.764999536
9.43167473492	-391.031234889
9.88255669421	-391.284042506
10.3121144946	-391.524765162
10.7162206346	-391.751205591
11.1055028614	-391.969223169
11.4748113308	-392.176010279
11.8222539591	-392.371078636
12.1492421804	-392.55467239
12.4585073162	-392.728256371
12.7545736014	-392.894638211
13.055629509	-393.063827664
13.3703420341	-393.240585472
13.6962545094	-393.423446803
14.0339315103	-393.613266138
14.3555944134	-393.793930203
14.6755254433	-393.97349563
15.0013539962	-394.15647903
15.337474603	-394.345077663
15.6687123936	-394.530990749
15.9846303622	-394.708603051
16.3120076819	-394.892196801
16.6505239171	-395.082382351
16.9984014217	-395.27769485
17.3462484047	-395.472763211
17.6710012144	-395.655136256
17.9823644341	-395.829940945
18.2721593553	-395.992904814
18.5481069254	-396.147934105
18.8086354902	-396.294662623
19.0544240644	-396.432724147
19.2865026159	-396.563339382
19.5073125534	-396.687240746
19.7183797532	-396.806137231
19.9180257497	-396.918197778
20.1083562545	-397.02513137
20.2904851595	-397.127426296
20.4653585143	-397.225814968
20.634715813	-397.321029811
20.8083684609	-397.418686062
20.9960515671	-397.524154815
21.1971700351	-397.63719192
21.4092977225	-397.756332545
21.6360433275	-397.883529813
21.8714406658	-398.015854031
22.0969121627	-398.142440944
22.325374382	-398.270370631
22.5689809495	-398.407211455
22.8233373335	-398.550033715
23.0943715741	-398.702011256
23.3742711717	-398.858993681
23.6670034091	-399.023300317
23.9709890053	-399.193832546
24.2644612967	-399.358505394
24.5422628099	-399.514633327
24.8269765535	-399.674301298
25.1231801696	-399.84043899
25.4331472077	-400.014389186
25.7575261752	-400.196518093
26.0893514329	-400.382797387
26.4335668269	-400.559555201
26.7908590008	-400.738998562
27.1563985531	-400.923935082
27.5280568789	-401.106552271
27.9121892627	-401.264022977
28.3064077076	-401.433090358
28.7084005036	-401.604721217
29.1277578047	-401.777572779
29.5479543371	-401.920639184
29.9737889928	-402.05906692
30.4096639317	-402.164657739
30.8516881633	-402.26512161
31.2923696216	-402.355941921
31.7447774594	-402.436752465
32.1987722076	-402.497909692
32.6556737595	-402.549423364
33.113658684	-402.580795436
33.5763509443	-402.58653274
34.0379674606	-402.582870628
34.4962575619	-402.551864772
34.9520070733	-402.49974075
35.4134252237	-402.425521997
35.8608815838	-402.317855983
36.3032872846	-402.19151321
36.7260930708	-402.032211454
37.1516988452	-401.846542504
37.5409810705	-401.621200708
37.8981130294	-401.364242702
38.2392232584	-401.083236841
38.590656059	-400.801010284
38.9546773608	-400.50669876
39.3210332547	-400.207260279
39.6658284836	-399.887436061
40.017970817	-399.564560087
40.3770864173	-399.234359893
40.7451589269	-398.89598098
41.1044881504	-398.546493677
41.43917443	-398.177353052
41.7833059003	-397.803695824
42.1334493337	-397.420517119
42.4552724529	-397.019638211
42.7665822661	-396.618148951
43.0859410942	-396.204452662
43.3948629071	-395.779403835
43.6921498931	-395.34153762
43.9906346959	-394.903183131
44.291652458	-394.458725125
44.5973012625	-394.007797388
44.9040334383	-393.547470241
45.2041280436	-393.080917505
45.5089070964	-392.608261257
45.8169057538	-392.12962356
46.1289174741	-391.644516137
46.4462697672	-391.151352075
46.7602040931	-390.654525906
47.0784337686	-390.150985866
47.3994100259	-389.642807154
47.7222402262	-389.131576686
48.0447042153	-388.62095657
48.3625600517	-388.106674343
48.6620061568	-387.590805202
48.9654500661	-387.067489775
49.2685735397	-386.541000513
49.5738866482	-386.009994654
49.8809163729	-385.475814966
50.1883351972	-384.941146996
50.4982259453	-384.402450706
50.8050191583	-383.869125512
51.0957753834	-383.363754417
51.3764760673	-382.879135279
51.6457173992	-382.411483912
51.92077996	-381.932113793
52.1988408731	-381.444076684
52.4782216725	-380.955673366
52.7520635306	-380.477890162
53.0160405786	-380.016342312
53.2849385903	-379.546615749
53.5620229416	-379.063217311
53.8155706092	-378.580795435
54.0698888475	-378.096176296
54.3368795096	-377.578354027
54.5632436436	-377.076645046
54.793163079	-376.56663528
54.9923055333	-376.053085473
55.1907155672	-375.532089381
55.3880269701	-375.006698754
55.5904958422	-374.465194849
55.7910268475	-373.929184111
55.9903829264	-373.385849146
56.1621968918	-372.838974144
56.3349263843	-372.28965774
56.5067403486	-371.732284692
56.6795308773	-371.168197778
56.8382833169	-370.591049343
56.966899651	-370.023666529
57.0855977692	-369.450912623
57.1685292886	-368.874984888
57.2497213053	-368.299911646
57.3168599761	-367.717147973
57.3725240398	-367.135238795
57.4218557049	-366.540146021
57.4433705982	-365.958114769
57.4530904459	-365.374130399
57.4207112967	-364.802719262
57.3806874927	-364.219589379
57.3171804118	-363.640609887
57.2524068514	-363.064071804
57.1748616877	-362.479965358
57.0666005779	-361.916732934
56.9511983565	-361.353256374
56.808955926	-360.79331985
56.6389730156	-360.240463404
56.4488790204	-359.698959496
56.2359273598	-359.167465358
56.0130574869	-358.646835474
55.7628591227	-358.150741727
55.4929158856	-357.659286643
55.1799733816	-357.2112886
54.8294942537	-356.806625516
54.4683797538	-356.400985866
54.0895955731	-355.990829614
53.7100942301	-355.582992702
53.3223378838	-355.170395046
52.9174306548	-354.789413602
52.5084417044	-354.411239771
52.0872686077	-354.030502467
51.6431157747	-353.667953635
51.1984212557	-353.303939968
50.7542989429	-352.944076688
50.2998845741	-352.596176295
49.8333547286	-352.260116726
49.3621633226	-351.921859889
48.8867986374	-351.583603051
48.4027440721	-351.245346219
47.9057500529	-350.931625515
47.4095647507	-350.618515161
46.9114339515	-350.308334495
46.395610588	-349.989975125
45.8823583296	-349.704818875
45.3645513235	-349.41819778
44.8350789712	-349.128769064
44.3108174971	-348.843734888
43.7862432176	-348.55979934
43.2874868085	-348.2894136
42.7981221845	-348.022934108
42.3017308881	-347.752548366
41.7996938404	-347.48057571
41.2867543863	-347.204574734
40.7718770661	-346.928085476
40.2523000422	-346.649154813
39.7279927911	-346.36692825
39.1976354287	-346.080917506
38.6696889587	-345.794784694
38.1633947056	-345.521469261
37.6581380529	-345.249740747
37.1477925935	-344.976547391
36.6312062918	-344.699691919
36.1090123821	-344.419784693
35.5893895794	-344.1409761
35.1025197677	-343.879257351
34.6235082324	-343.622177269
34.138721245	-343.361435085
33.6472890532	-343.097274929
33.149173514	-342.829574733
32.6465032276	-342.559311059
32.1455648118	-342.290023951
31.6680486362	-342.032699733
31.2167928383	-341.789657742
30.7604406062	-341.54368606
30.2991063769	-341.295150903
29.8295552908	-341.042343284
29.3673665692	-340.768295432
28.9153783493	-340.489975124
28.4551580113	-340.205185085
27.9865682295	-339.914413598
27.5149724665	-339.622787621
27.0481832204	-339.316269072
26.5961263344	-338.999496608
26.1363485032	-338.676986844
25.6961934725	-338.33689895
25.2583043756	-337.98765579
24.8557164838	-337.618393092
24.4783590005	-337.229110865
24.1248586351	-336.822128444
23.8301274937	-336.388290551
23.5994680099	-335.92613235
23.4374425577	-335.442123563
23.2898061435	-334.94993606
23.1522786788	-334.435287622
23.0673635184	-333.917587428
23.04970147	-333.416488796
23.1026494668	-332.920272973
23.2042882615	-332.438827661
23.3122365633	-331.945175318
23.4354741742	-331.451278834
23.6044728928	-330.9769136
23.7836492237	-330.504135279
23.9702794714	-330.017440944
24.1583593058	-329.531234889
24.3514440218	-329.04319778
24.5792958897	-328.578842311
24.8177678752	-328.111435085
25.0614507361	-327.639511256
25.3088033351	-327.163314965
25.5698735882	-326.682724149
25.8408010176	-326.209213404
26.1177251514	-325.723617702
26.3967397382	-325.235580592
26.6807363202	-324.738632348
26.9657857592	-324.239975124
27.2546727819	-323.734359891
27.5447652518	-323.226913601
27.8406102827	-322.710189965
28.1380422291	-322.191024927
28.4351537391	-321.672714382
28.7389562305	-321.143051298
29.0400731724	-320.617904813
29.3465306924	-320.08262649
29.6528203646	-319.547714381
29.9598424614	-319.012313992
30.2673528354	-318.476669459
30.5752980878	-317.940048365
30.8826177286	-317.403549342
31.1906774215	-316.866073756
31.5027120289	-316.320785668
31.8132283858	-315.778305203
32.1233556436	-315.235702664
32.4357183154	-314.689560086
32.7497441934	-314.140854031
33.0598943398	-313.598983914
33.3771169343	-313.044418483
33.6867940602	-312.503524927
33.9938619302	-311.967514188
34.3087041535	-311.417831565
34.6150319754	-310.882309106
34.9227941217	-310.343856961
35.2402608554	-309.788681178
35.5405538245	-309.244003442
35.8357427287	-308.702743676
36.133601921	-308.153427271
36.4301717443	-307.606796414
36.7288015047	-307.056381373
37.0280645064	-306.504135279
37.3232381511	-305.959335476
37.6168401405	-305.41758743
37.9132726357	-304.870712428
38.2139623337	-304.316391136
38.5129964534	-303.764633324
38.811916129	-303.211898953
39.1087453547	-302.662582546
39.4058034605	-302.113510277
39.7039373103	-301.563583519
40.0030248336	-301.012313994
40.2984121015	-300.467270046
40.5966375033	-299.916366723
40.8936345755	-299.36741653
41.1943624187	-298.811508325
41.4910772006	-298.263290554
41.7734944985	-297.71482864
42.0615651779	-297.155014187
42.3455312416	-296.599838404
42.628886955	-296.044906762
42.9122655572	-295.49009719
43.197070853	-294.93321243
43.4799688039	-294.380111841
43.7653463052	-293.822250513
44.0484807665	-293.268661645
44.3334920575	-292.711654811
44.606326835	-292.152572778
44.8803594277	-291.589462427
45.1502416311	-291.030990751
45.4200246502	-290.472274927
45.6883733436	-289.916366725
45.9592397386	-289.355087426
46.2301366501	-288.793563993
46.5015905077	-288.230941919
46.775783316	-287.662338402
47.0453832303	-287.102646023
47.3203847579	-286.531845239
47.5896871262	-285.973251487
47.8635747603	-285.404892114
48.1336095508	-284.844223171
48.4026906657	-284.283310086
48.659557122	-283.719101101
48.9135930706	-283.16185012
49.1688573543	-282.5986177
49.4225881269	-282.038314964
49.6803319624	-281.468856959
49.9168431925	-280.902450708
50.1504628816	-280.334945828
50.3831517863	-279.76219192
50.6134984657	-279.193100121
50.8480565715	-278.612533713
51.0823323882	-278.032943875
51.3144414595	-277.458725122
51.5473745051	-276.883041529
51.7834966354	-276.299789573
52.0159566565	-275.724594265
52.2513539966	-275.142807151
52.4867055585	-274.561508328
52.7202108079	-273.984970239
52.9528310475	-273.410385278
53.1885183025	-272.82810989
53.4223134688	-272.251205592
53.657611624	-271.671005399
53.8910176923	-271.096908717
54.1240804364	-270.524032738
54.358577506	-269.944198758
54.5768697438	-269.368759301
54.7956197438	-268.790878444
55.0132711112	-268.213730007
55.2336385424	-267.628646994
55.4526631989	-267.047348171
55.6721913976	-266.46556106
55.8902547534	-265.887558131
56.11068322	-265.303939966
56.3289449381	-264.725814967
56.5482137358	-264.144638208
56.769527214	-263.558090358
56.9908406906	-262.971786648
57.1898763339	-262.387191919
57.3859517747	-261.804916529
57.5816457447	-261.215805202
57.7769124688	-260.626938015
57.972163932	-260.037582546
58.1657674479	-259.453842311
58.3595845872	-258.869003444
58.5543172527	-258.280136255
58.7415731114	-257.685043482
58.9236104664	-257.094467309
59.104350823	-256.503524927
59.2848317794	-255.912338404
59.4668080969	-255.31663528
59.6482198394	-254.723129421
59.8147847831	-254.129989774
59.9720418611	-253.539901878
60.1293599783	-252.941024927
60.2846334154	-252.346176296
60.4415242841	-251.744857938
60.595134513	-251.136459498
60.7191732103	-250.528793483
60.8403279962	-249.930893093
60.95846154	-249.332138205
61.0768087095	-248.730209498
61.1953237226	-248.127426292
61.3145406413	-247.52037063
61.4334218665	-246.914413599
61.5524861985	-246.308944848
61.6719625171	-245.700912622
61.7910115888	-245.093734888
61.9097860043	-244.483627464
62.0008504551	-243.876205593
62.0856282878	-243.27659622
62.1675222095	-242.670395046
62.2485158612	-242.062484887
62.3294789972	-241.453476099
62.3954427405	-240.838607934
62.4427297285	-240.233505396
62.4882009192	-239.631332545
62.5324666655	-239.020370633
62.5764424977	-238.411605984
62.6217305834	-237.788192898
62.6665914237	-237.171005397
62.7115590741	-236.546859893
62.7565267256	-235.91856399
62.8010671301	-235.29685989
62.8456990875	-234.674789576
62.8898580257	-234.056625516
62.9342153245	-233.43492141
62.9789998687	-232.808090359
63.0233876866	-232.1890718
63.0680654219	-231.568588406
63.1127736743	-230.949203638
63.157710807	-230.324203635
63.2021901795	-229.703598169
63.2471883473	-229.077133327
63.2928884188	-228.443832544
63.3377187426	-227.823105007
63.3822591479	-227.203598168
63.4273641279	-226.575058131
63.47219445	-225.952743678
63.5169027024	-225.333480981
63.5616872498	-224.712021022
63.6062886885	-224.09104934
63.6520345387	-223.455063012
63.6967580488	-222.83311477
63.7419088068	-222.206771995
63.7863423998	-221.589218287
63.8322408356	-220.948959496
63.8767659839	-220.326278837
63.9219319986	-219.697616726
63.9668843931	-219.074813991
64.0118062653	-218.454452663
64.0575215977	-217.822494657
64.1032979653	-217.188339381
64.1482503593	-216.565170436
64.1931874927	-215.943100124
64.2382772121	-215.319442898
64.2831990877	-214.6956636
64.3280904462	-214.072372585
64.3740041411	-213.434066921
64.4194142986	-212.803207545
64.4645497984	-212.176254419
64.5098226232	-211.547836451
64.5549581208	-210.921371608
64.6001241358	-210.293563991
64.6451375657	-209.669540553
64.684444206	-209.041488793
64.7236592938	-208.422958522
64.763347403	-207.790023952
64.8025472332	-207.164047387
64.8306234035	-206.53514114
64.8473165213	-205.923324732
64.8626363447	-205.2861177
64.8762166665	-204.66783157
64.8897359543	-204.049179222
64.9032247236	-203.429184109
64.9168050456	-202.801254419
64.9304769203	-202.167465354
64.9440267263	-201.53953567
64.9573323888	-200.919174345
64.9707906416	-200.292221217
64.9841115653	-199.670883323
64.9974477459	-199.048446803
65.0155599297	-198.426498559
65.0511739429	-197.815536647
65.0868947681	-197.20310989
65.1254537278	-196.576156763
65.1674611731	-195.93077102
65.2114827791	-195.306625516
65.2552755052	-194.688217309
65.3000447911	-194.058334499
65.3451802906	-193.422592311
65.403346793	-192.809066921
65.468135612	-192.198837427
65.5353810958	-191.587631372
65.6044118573	-190.969711449
65.6731069258	-190.356186059
65.7420919117	-189.740097194
65.8115499176	-189.119980004
65.8817861238	-188.492904813
65.9514424971	-187.870834496
66.0206411052	-187.254013211
66.0910451579	-186.626205591
66.1580465008	-186.028671412
66.2233693762	-185.445663601
66.2889363937	-184.859848171
66.3549153975	-184.269760283
66.4217794095	-183.671249538
66.488277214	-183.076034694
66.5557363201	-182.472519065
66.6239888823	-181.862289577
66.6925313642	-181.248520048
66.760509268	-180.638900901
66.8287465743	-180.026352075
66.8983724285	-179.402572777
66.9670674975	-178.786361841
67.0366628343	-178.160141139
67.1024129558	-177.547592312
67.1481130302	-176.936386253
67.1934468915	-176.327865748
67.2367055579	-175.7125093
67.2705495511	-175.096176298
67.3008382496	-174.483871608
67.3296468428	-173.872543484
67.3584249199	-173.253402857
67.3861348805	-172.637436061
67.4012715981	-172.021835472
67.4167440105	-171.407455594
67.4309499436	-170.794174343
67.4451253575	-170.179672387
67.4598958655	-169.540512234
67.4741628341	-168.920028833
67.4755513825	-168.295028835
67.4768636409	-167.674423365
67.4767873454	-167.057480007
67.4764363932	-166.430893092
67.4761464755	-165.807113796
67.475810783	-165.184066917
67.4753987952	-164.557968284
67.4751241385	-163.960922389
67.4747884456	-163.389877469
67.4742696453	-162.830185086
67.4735219649	-162.258285668
67.4727285082	-161.666855005
67.4717977222	-161.105087426
67.4708974543	-160.57127395
67.4697530431	-160.045028833
67.4684407882	-159.508651881
67.467250603	-159.002792503
67.465846793	-158.506332546
67.4643972085	-157.995712427
67.4629171049	-157.479843289
67.4586141285	-156.95066848
67.4432637857	-156.42649856
67.4267385175	-155.894760279
67.380916374	-155.365097194
67.3282735525	-154.838119654
67.2490041423	-154.320663599
67.1702535318	-153.790756372
67.0668904962	-153.263656762
66.956355827	-152.741684107
66.8426015554	-152.210434109
66.7273671804	-151.676132349
66.6099507977	-151.131210473
66.4914205248	-150.580429222
66.3724630038	-150.0283052
66.2501790695	-149.460434108
66.1268575352	-148.887436062
66.0010793365	-148.303695825
65.8745992333	-147.717147974
65.748576897	-147.133041529
65.6217153225	-146.544662622
65.4941518475	-145.952621607
65.3660848305	-145.358017119
65.2166707671	-144.66453567
65.0873983073	-144.064926296
64.9572560959	-143.459457545
64.8545491872	-142.858139188
64.7580831222	-142.261947779
64.6638753574	-141.65293899
64.5925710372	-141.052841333
64.5221975028	-140.452133323
64.4531057046	-139.840683131
64.3861348805	-139.233871607
64.3395497967	-138.624618678
64.2939260165	-138.020492702
64.2497213053	-137.403305201
64.2056234035	-136.78123489
64.1623494801	-136.168808127
64.1271016764	-135.553085476
64.0966451327	-134.94615188
64.0670125649	-134.330429225
64.037212151	-133.703598167
64.0165059724	-133.083969264
63.999843376	-132.473617702
63.984569329	-131.863022001
63.9696004555	-131.246078636
63.954784172	-130.630600124
63.9398000413	-130.008773949
63.9247701326	-129.387558135
63.9095266049	-128.759140162
63.8955190356	-128.139145043
63.8942220395	-127.522445826
63.8923757257	-126.908676296
63.8916890806	-126.292465355
63.8910482104	-125.674545437
63.8904378574	-125.056991727
63.8898275063	-124.437606959
63.8893392256	-123.828598168
63.8888204275	-123.242904813
63.8880269703	-122.658920435
63.8872335138	-122.059188992
63.8865163486	-121.471176296
63.8857991862	-120.881454616
63.8849752127	-120.309555201
63.8842427891	-119.735458523
63.883418816	-119.15196243
63.8824422522	-118.564926292
63.8814656911	-117.968368676
63.8803975755	-117.366684109
63.8794210131	-116.757309107
63.8782308262	-116.151352076
63.8769490903	-115.541610868
63.8759725258	-114.925521995
63.8753163985	-114.306869654
63.8742330248	-113.691879421
63.8728444759	-113.072616726
63.871700065	-112.448715357
63.870769281	-111.824569849
63.8698232358	-111.21238723
63.8689077078	-110.613510277
63.8678548499	-110.042465357
63.8665731117	-109.462631376
63.865291375	-108.878158716
63.8642537751	-108.290756372
63.8632161776	-107.728866723
63.8620565101	-107.162704614
63.8607442559	-106.592758325
63.8594014807	-106.014022974
63.8580434498	-105.425766137
63.8567311939	-104.837997582
63.8553884208	-104.237899928
63.8540914231	-103.634506374
63.8527486501	-103.032943874
63.851436394	-102.462143092
63.8501699123	-101.886703639
63.8488423999	-101.306381375
63.8474538492	-100.720565945
63.8269002608	-100.131698759
63.8041341483	-99.541000511
63.7515523598	-98.9576264895
63.6834676439	-98.3737641857
63.6067922285	-97.7967378167
63.5108297039	-97.2187348879
63.4149892485	-96.6398774642
63.2985799476	-96.0711518843
63.1704976743	-95.5029145731
63.0129964532	-94.9539643787
62.8407705001	-94.4033051999
62.6357991853	-93.867416529
62.4219777753	-93.3427583249
62.1910360031	-92.8270112565
61.9421651522	-92.3168794182
61.6887624435	-91.7991792257
61.4284627613	-91.281234886
61.1528890314	-90.7751313695
60.8689534843	-90.261825711
60.5680501637	-89.7773286379
60.2579610526	-89.2978364504
59.9240377106	-88.8461762955
59.5809285805	-88.4015962156
59.1971547779	-87.9655610626
58.8222310719	-87.5475923126
58.4396627105	-87.1320649683
58.0530049962	-86.7199555947
57.6400716483	-86.3322602822
57.2253987952	-85.9533540299
56.7845418629	-85.6103364518
56.3386495286	-85.2837983654
55.869014519	-84.9966889927
55.3908345856	-84.7208100804
54.9035299008	-84.485824733
54.4034993805	-84.3132173121
53.8942754432	-84.1647798093
53.3803746868	-84.049057154
52.8662145307	-83.9551850841
52.3508031532	-83.9015962156
51.8340413736	-83.8657075441
51.3058355021	-83.8303071526
50.781421439	-83.8224946554
50.2528951328	-83.8198091066
49.7162282639	-83.8187104762
49.1659200349	-83.8182221921
48.6107289963	-83.8178559802
48.0508229901	-83.817245631
47.4839284589	-83.8168794182
46.9075658486	-83.8162690685
46.3298223189	-83.8159028594
45.7428472205	-83.8154145754
45.1490819618	-83.8150483691
44.5616262131	-83.8347016857
43.9732015309	-83.8659516848
43.3810842206	-83.8996430892
42.7851369543	-83.9352876218
42.1921117468	-83.984359886
41.6050832438	-84.0517426999
41.0138967221	-84.1210786412
40.4173543615	-84.1932221921
39.809154288	-84.2674409435
39.1991689374	-84.3417817643
38.5924337098	-84.4157563723
37.9845082927	-84.4936372316
37.3879201573	-84.6050874274
36.7913320233	-84.7216645787
36.2116964035	-84.8654634058
35.6434819877	-85.0251313699
35.0669362703	-85.190658716
34.4887807528	-85.3599702418
33.9243657753	-85.5256196545
33.3890416783	-85.682846217
32.8795354537	-85.8325044182
32.3950765288	-85.9750825441
31.9257924728	-86.1137544196
31.4478414221	-86.2546235612
30.9620244671	-86.3979341057
30.4675939251	-86.5438081329
29.9702489536	-86.6620942634
29.4638402647	-86.7794038346
28.9498708415	-86.8972016843
28.4343831702	-86.9931489546
27.9120595629	-87.091293483
27.3741719904	-87.1918794205
26.8416021033	-87.2717134054
26.3016698533	-87.3509370359
25.7583196345	-87.4295503176
25.2000386885	-87.4997407454
24.6516683274	-87.5567475832
24.096011893	-87.6146089118
23.5348165197	-87.6672212188
22.9783284828	-87.6912690676
22.4174916905	-87.7171479752
21.8488195105	-87.7410737574
21.2788045571	-87.7648774688
20.7355230019	-87.7875825451
20.217090386	-87.8097993424
19.7281606371	-87.8307954348
19.2682759921	-87.8505708277
18.8306234051	-87.869491722
18.4223745046	-87.8869477813
18.0305288017	-87.9036714127
17.6646535567	-87.9199067606
17.3209645911	-87.9335786388
17.0043599771	-87.9350434826
16.7062642758	-87.9413911384
16.4254415209	-87.9472505162
16.144374626	-87.9531098879
15.8521840737	-87.9592134021
15.5467641513	-87.9660493438
15.2272298512	-87.9725190667
14.8924977956	-87.9792329334
14.558666006	-87.9860688765
14.2154500647	-87.9927827404
13.8642537753	-87.9998628208
13.4952199644	-88.0073091066
13.1231649085	-88.014877467
12.7637899074	-88.0215913318
12.3953969646	-88.0284272707
12.0189016028	-88.0355073502
11.6529805836	-88.0419770773
11.2756002108	-88.0485688718
10.8856160812	-88.0551606701
10.4870717698	-88.0619966094
10.1026570967	-88.0693208301
9.71335961035	-88.0765229776
9.31248070579	-88.0839692624
8.92548729549	-88.091293483
8.54241539584	-88.0989839141
8.14774681785	-88.1061860616
7.73429466883	-88.1144868443
7.31191612966	-88.1222993387
6.88032128103	-88.1303559835
6.4351461099	-88.1390229734
5.98609520623	-88.1662446512
5.54134728282	-88.2189790295
5.08221031865	-88.2669526641
4.60987450427	-88.3171235607
4.1294667896	-88.3686372326
3.65371300559	-88.451156762
3.20309044549	-88.5895845015
2.77216698439	-88.7765962179
2.33062340593	-88.9673921145
1.89010216575	-89.167465358
1.46564842947	-89.3935395754
1.02843834634	-89.6238862555
0.615474480321	-89.8810884063
0.240627066582	-90.1835786379
-0.117527229304	-90.4997407501
-0.429065925942	-90.8519135998
-0.691395027214	-91.2497407501
-0.88576148171	-91.6691743392
-1.04474280559	-92.0998384035
-1.20981238491	-92.5484468061
-1.37143348134	-93.003402858
-1.53540442715	-93.4669038365
-1.66911719565	-93.9371186765
-1.75554297527	-94.4116059812
-1.84520362085	-94.8951264895
-1.91048072191	-95.3801118406
-1.9779398262	-95.8725434812
-2.04620764998	-96.3765718015
-2.10092566558	-96.8863374279
-2.12504981214	-97.392074733
-2.1525614087	-97.9063569582
-2.17873023183	-98.4282075465
-2.20502112748	-98.957016136
-2.23257850023	-99.5098725874
-2.26028845983	-100.065780788
-2.28807471576	-100.622299343
-2.31663916935	-101.194564965
-2.34508154989	-101.766342311
-2.37395117967	-102.347274928
-2.40321753663	-102.935287623
-2.4328806228	-103.533065942
-2.46242163738	-104.127182154
-2.4921762771	-104.726547388
-2.51387427631	-105.328354029
-2.53143714007	-105.930038602
-2.54782508267	-106.541977076
-2.56372473878	-107.156723167
-2.57948706928	-107.77024856
-2.5955240567	-108.398666529
-2.61128638289	-109.021713403
-2.62080786924	-109.644760278
-2.62428687123	-110.264022974
-2.62640784436	-110.880478052
-2.6277811366	-111.499496609
-2.62912390789	-112.124008326
-2.63048194262	-112.741195825
-2.63191626652	-113.36351028
-2.63325903995	-113.984848171
-2.63472388533	-114.609237819
-2.63628028106	-115.228866727
-2.63786719611	-115.853744654
-2.63931678119	-116.477279812
-2.64079688449	-117.101059103
-2.64227698557	-117.725937035
-2.64378760534	-118.347396996
-2.64525244909	-118.969833521
-2.64664099854	-119.60508743
-2.64793799742	-120.228378445
-2.64926551038	-120.854843288
-2.65045569581	-121.478744656
-2.65167639958	-122.10227981
-2.6529733963	-122.724960475
-2.65428565221	-123.347152859
-2.65552161331	-123.969955592
-2.65674231749	-124.593124538
-2.65804694395	-125.22288528
-2.65938971762	-125.844589382
-2.6607630073	-126.476547388
-2.66231940477	-127.111313017
-2.66392920702	-127.739242702
-2.66543219716	-128.363632348
-2.66687415232	-128.99241653
-2.66842291888	-129.615707545
-2.67016242229	-130.238144064
-2.67183326004	-130.864486841
-2.67340491654	-131.486679225
-2.6750604941	-132.116317897
-2.67683051282	-132.744857937
-2.67863867863	-133.373275906
-2.68034003564	-134.001693871
-2.68195746653	-134.623153835
-2.68354438071	-135.248031765
-2.6852228475	-135.868148949
-2.68708441907	-136.492172391
-2.68883155129	-137.119247583
-2.69065497525	-137.749008324
-2.69256995351	-138.375961454
-2.69459174469	-139.026474149
-2.69631598576	-139.648544458
-2.69810889452	-140.270614769
-2.70006964949	-140.892440942
-2.70194647892	-141.521713404
-2.70407507999	-142.14439407
-2.70687506883	-142.7783052
-2.70998786262	-143.400863795
-2.71240637917	-144.022445825
-2.71458075632	-144.656967309
-2.71678565326	-145.280502465
-2.71821234841	-145.902328637
-2.7190668406	-146.532089379
-2.71981452231	-147.160873558
-2.72132514126	-147.785019067
-2.72301886778	-148.406845241
-2.72544501477	-149.040390162
-2.72774909338	-149.662338406
-2.72983191768	-150.285385278
-2.73126624373	-150.908188014
-2.73301337432	-151.530014185
-2.734173042	-152.1533052
-2.73469184153	-152.783188014
-2.73463843577	-153.409897
-2.7353327123	-154.043686063
-2.73627875594	-154.667831568
-2.73779700423	-155.289779811
-2.73944495304	-155.9131929
-2.74077246885	-156.535873561
-2.74164222076	-157.165268091
-2.74193213822	-157.790268092
-2.72294257412	-158.408554223
-2.70248053712	-159.030502467
-2.67919562408	-159.657943872
-2.65527747292	-160.28880325
-2.63190863794	-160.909042506
-2.60847876751	-161.536117699
-2.58456824499	-162.168686057
-2.56079505186	-162.790268091
-2.53689978796	-163.412704615
-2.51279853017	-164.040756374
-2.48840735614	-164.673690944
-2.46471808816	-165.295150904
-2.44086097064	-165.926254419
-2.41695807618	-166.554184105
-2.39308570232	-167.177475122
-2.37041114049	-167.800522
-2.34781287389	-168.428573756
-2.32419989724	-169.057113794
-2.30031989276	-169.68846145
-2.27720282902	-170.319076685
-2.25331519428	-170.959213402
-2.2299692455	-171.582992699
-2.20640204567	-172.212997584
-2.18330024125	-172.834701687
-2.16003058618	-173.454086451
-2.1374933552	-174.076156762
-2.11463568895	-174.704574733
-2.09067938931	-175.322860864
-2.06549475971	-175.94212356
-2.04072211508	-176.561508327
-2.01564429421	-177.182113795
-1.98970435397	-177.807113797
-1.96956275206	-178.435897976
-1.95787451882	-179.057724146
-1.948208077	-179.679306177
-1.93971656088	-180.296371606
-1.93049262295	-180.913437037
-1.92119239154	-181.532211453
-1.91234229249	-182.149643091
-1.90382025897	-182.789291531
-1.89519904368	-183.425155791
-1.88631842856	-184.041977074
-1.87765906635	-184.637436061
-1.86865638028	-185.226547388
-1.85913489514	-185.832748561
-1.84946082241	-186.436996607
-1.84060309757	-187.050888209
-1.83203528554	-187.658188014
-1.82387946412	-188.248153836
-1.81552527542	-188.828598166
-1.80672095437	-189.419906764
-1.7978708584	-190.022934105
-1.78914282977	-190.622299338
-1.78031562112	-191.232040553
-1.77132819337	-191.844711453
-1.76250098378	-192.454086451
-1.75362799829	-193.069564967
-1.74471686687	-193.691146998
-1.7108118363	-194.295639182
-1.67055915028	-194.900253444
-1.62649939721	-195.505600123
-1.55272315198	-196.103988793
-1.46544288064	-196.697982934
-1.37346289749	-197.293441921
-1.25474951975	-197.878402857
-1.13010047312	-198.464096217
-0.998569710297	-199.050155788
-0.841037971666	-199.62156692
-0.682201606687	-200.193832546
-0.510791999404	-200.770126492
-0.306156379869	-201.333969264
-0.100658637879	-201.893417505
0.128375786706	-202.439560082
0.369739309943	-202.990707544
0.612674492411	-203.53257766
0.923274771951	-204.115463406
1.20865990408	-204.621078639
1.51797844761	-205.112289576
1.85271050211	-205.583480983
2.1916921307	-206.055893093
2.53766991373	-206.528549342
2.88973595481	-207.006942897
3.25787712773	-207.47935501
3.65442253806	-207.899398952
4.08462120942	-208.270248559
4.52415825683	-208.634750513
4.98339440016	-208.971664577
5.44914604886	-209.30101028
5.93040062767	-209.593734888
6.42345787853	-209.866562036
6.93319298548	-210.110336451
7.44436241931	-210.339828638
7.95521141676	-210.554550319
8.47352959367	-210.748764188
8.99629570736	-210.941147001
9.52681328508	-211.104477073
10.0561483069	-211.252304226
10.5880696941	-211.362533717
11.1219365768	-211.432235866
11.6649968781	-211.496444849
12.2187383337	-211.555404811
12.7607610382	-211.583969262
13.3111913375	-211.610458522
13.8634603198	-211.634018092
14.429019706	-211.657211449
14.9965551075	-211.680404809
15.570400016	-211.705429222
16.1525075616	-211.730453639
16.7433431321	-211.754379417
17.3429143614	-211.779281761
17.9414479905	-211.80516067
18.5462758696	-211.830795437
19.1544835731	-211.857528835
19.762843863	-211.88377395
20.3796575232	-211.906601099
21.0044133827	-211.929184104
21.6187551187	-211.954574734
22.2420919112	-211.982284696
22.8601033847	-212.009262236
23.4722554845	-212.017563014
24.0892369921	-212.020736842
24.714389579	-212.022079615
25.3298146901	-212.022934107
25.9526708298	-212.023422387
26.5706441575	-212.022689969
27.1702230156	-212.022934111
27.7363698659	-212.023422389
28.305843132	-212.02366653
28.8680913632	-212.023910669
29.4070623107	-212.023666531
29.9462392502	-212.023422387
30.4969747248	-212.022934109
31.0301320726	-212.022689968
31.5511281659	-212.022934108
32.0793035197	-212.022934108
32.621440667	-212.023178251
33.1735036537	-212.023666526
33.7268483805	-212.024398949
34.2915761629	-212.024154811
34.8418691313	-212.022812038
35.3707769069	-212.019760283
35.8913610157	-212.017074732
36.4262349776	-212.015365745
36.9501455001	-212.015365748
37.4667470617	-212.016098172
37.9935109783	-212.01609817
38.5192220376	-212.01585403
39.0262410811	-212.015243678
39.5402944262	-212.014999536
40.0561940829	-212.014999537
40.5873983073	-212.015121607
41.121684807	-212.014877468
41.6526754078	-212.014389187
42.1594503087	-212.013900902
42.6718404467	-212.013168486
43.1864125912	-212.011947781
43.7112386402	-212.010971217
44.2413747481	-212.009750511
44.7770497954	-212.011947777
45.3121831572	-212.043319852
45.8474462208	-212.073227078
46.391353386	-212.11436477
46.9161031409	-212.202133325
47.4459645926	-212.299911646
47.9674184486	-212.417831567
48.4763143226	-212.573349146
48.9837606126	-212.726913599
49.485324639	-212.901107935
49.9588353817	-213.12547317
50.4233358072	-213.364975124
50.8666341485	-213.631210475
51.2814901041	-213.928451688
51.7062719043	-214.231186059
52.1175801916	-214.553451686
52.4806096728	-214.91026321
52.7893178619	-215.306259302
53.0681188273	-215.720565946
53.3493993456	-216.145126492
53.630992668	-216.580551296
53.9029195484	-217.026107936
54.1288793255	-217.490219263
54.3513524705	-217.954940944
54.5761525806	-218.431625514
54.8039357815	-218.913192896
55.0197713546	-219.403793481
55.1843526528	-219.908554225
55.3351400074	-220.411117699
55.4759786307	-220.925644069
55.6005208648	-221.438583523
55.7272603689	-221.961288601
55.8546407395	-222.488876492
55.9845540685	-223.024643093
56.0893209151	-223.565414575
56.1638753585	-224.102035669
56.2405355146	-224.649521021
56.3042867337	-225.19908157
56.3200643226	-225.742416529
56.3268544853	-226.289047385
56.3283651054	-226.846786645
56.3024404222	-227.405258327
56.2716176686	-227.960678246
56.2372701344	-228.524765162
56.2014882736	-229.099960474
56.1661031402	-229.678573755
56.1309468913	-230.260482935
56.0952260663	-230.850814967
56.0595357583	-231.44664016
56.0229146647	-232.046859888
55.9855611494	-232.646225124
55.9490316085	-233.230819851
55.9130819017	-233.808700707
55.8767049467	-234.395736839
55.8397023851	-234.995834499
55.7886007003	-235.591537622
55.730754631	-236.179306177
55.6713979414	-236.769027859
55.6100118332	-237.371688991
55.5489003819	-237.977646023
55.474193352	-238.585067897
55.3982808757	-239.20335403
55.3232991864	-239.806503443
55.2460897127	-240.427475124
55.1694600747	-241.049057155
55.0801961595	-241.662216333
54.9829976729	-242.264145044
54.88297631	-242.867416528
54.7818410571	-243.476059109
54.676616447	-244.086898952
54.5539739293	-244.683822779
54.4310872715	-245.281967314
54.305797355	-245.885605006
54.1799810099	-246.491073753
54.0496022862	-247.113876491
53.9225194617	-247.717758324
53.7877462074	-248.327133327
53.6229131387	-248.909164575
53.4527318662	-249.49986282
53.2801549605	-250.083480983
53.1040914232	-250.676254418
52.9217336338	-251.266464381
52.7320363698	-251.857162623
52.5418279327	-252.447006373
52.3497502983	-253.039413602
52.1566732104	-253.632919459
51.9649541543	-254.222152857
51.7594182654	-254.808578636
51.5487249063	-255.385849148
51.3344762502	-255.964950709
51.1195409471	-256.54429641
50.9062154472	-257.118515164
50.6906011266	-257.699203637
50.4753530194	-258.279770045
50.2589605023	-258.869735865
50.0442159333	-259.454940943
49.8279454871	-260.038437039
49.6102407143	-260.624740749
49.3942372977	-261.208358913
49.1801030796	-261.787582547
48.9625432661	-262.376571803
48.7476995156	-262.958236841
48.5314824755	-263.544174342
48.3133657151	-264.135116727
48.0976674733	-264.718124537
47.8816259063	-265.300399924
47.6656072326	-265.883773948
47.4507024462	-266.468490747
47.2398488675	-267.04734817
47.0249440833	-267.63365188
46.8056066197	-268.222396997
46.5869252858	-268.808090355
46.3657796544	-269.404647974
46.1438024217	-270.004989769
45.924899833	-270.594711451
45.7031057043	-271.189193873
45.4865148219	-271.76963821
45.2615316078	-272.338852075
45.026187674	-272.935409694
44.7958944018	-273.512924341
44.5655019451	-274.092025904
44.326442496	-274.667709501
44.0790670081	-275.232406765
43.8297078782	-275.793319849
43.5816304856	-276.350204617
43.3296926207	-276.917831567
43.0742452322	-277.490951686
42.8199117359	-278.060043484
42.5705449745	-278.623764187
42.3215596852	-279.188949733
42.0623510045	-279.752670438
41.7958638843	-280.321518092
41.5312764825	-280.883041528
41.2639043493	-281.448959499
40.9995229415	-282.007919462
40.7346151042	-282.566757351
40.4664724044	-283.131942897
40.1982991871	-283.697982937
39.9339940718	-284.256454617
39.6666600882	-284.821884305
39.3972280207	-285.390854033
39.1294667895	-285.956283716
38.8604619668	-286.524154811
38.5908391641	-287.092880394
38.3143956831	-287.644516138
38.0333059001	-288.206161643
37.7553136504	-288.759384304
37.474475638	-289.318222195
37.1943319009	-289.875229029
36.9158284832	-290.428939967
36.637470025	-290.982650905
36.3584096591	-291.538070827
36.0787542037	-292.093979027
35.7988851242	-292.650619654
35.5206639933	-293.204330592
35.2364919345	-293.769760279
34.9562032387	-294.327133324
34.6730535193	-294.890365748
34.393428581	-295.446273951
34.102039114	-296.025741725
33.8198049233	-296.587021023
33.5407293007	-297.142318876
33.256801384	-297.707016138
32.9754140555	-298.26634231
32.693179863	-298.827011255
32.4134862602	-299.383285671
32.128360527	-299.950180204
31.8542134929	-300.495346217
31.5915486981	-301.018173364
31.3443181688	-301.510727077
31.1085698778	-301.980697781
30.8838765788	-302.428817899
30.6682241135	-302.860092308
30.4556844395	-303.286605983
30.2380788503	-303.723617702
30.0152089766	-304.170761255
29.7844655665	-304.619857938
29.5503118219	-305.07945266
29.3136937781	-305.543930199
29.0727422416	-306.016830592
28.8259847335	-306.501449735
28.5658681559	-306.991317899
28.3054387726	-307.473983914
28.0410726233	-307.963363793
27.7710530929	-308.462753441
27.4967992461	-308.970321802
27.2212636647	-309.479843286
26.9443319027	-309.992416527
26.6686055833	-310.503036648
26.4108007126	-310.981186059
26.1549489674	-311.456283717
25.8962285704	-311.937240746
25.6301458045	-312.431503445
25.3645894691	-312.925033717
25.0940282515	-313.427475124
24.8204457927	-313.936142115
24.5399205863	-314.457260283
24.2588613192	-314.979843287
23.9726903618	-315.512191923
23.6877782511	-316.041977075
23.3975179362	-316.581039575
23.1152532275	-317.104965356
22.8466298751	-317.603866726
22.5914342571	-318.07798782
22.3497274088	-318.527328636
22.1204030683	-318.953598171
21.9027593322	-319.359115747
21.694469232	-319.747665554
21.5002019581	-320.109970241
21.3154409104	-320.454574734
21.1413533848	-320.779159693
20.9762761765	-321.08689895
20.8190190958	-321.37998977
20.6710164712	-321.655624538
20.5327336962	-321.912948758
20.402515189	-322.155258329
20.2804448765	-322.382187037
20.1632039723	-322.600326689
20.0524785696	-322.806381373
19.9466130895	-323.003524929
19.8468511278	-323.189438013
19.7491262136	-323.371566919
19.6456334753	-323.564193873
19.533519522	-323.77330032
19.4216344536	-323.982284695
19.315784233	-324.179306176
19.212497489	-324.371688991
19.1047322925	-324.572372585
18.9876973796	-324.790390164
18.8660695716	-325.016830591
18.7369420694	-325.25755325
18.6013143226	-325.510605005
18.4587514577	-325.776352078
18.3079641022	-326.057724149
18.1523320844	-326.348617701
17.9901998224	-326.651352076
17.8207509691	-326.967880396
17.6464955985	-327.292953637
17.4642369913	-327.63279739
17.2762029357	-327.983505397
17.1040532762	-328.344833518
16.9410588917	-328.710800319
16.7675588296	-329.091171413
16.5907933878	-329.479355003
16.4096791917	-329.877182156
16.2193792042	-330.295517115
16.0267064731	-330.718979031
15.8317296673	-331.147689965
15.6321370779	-331.586166529
15.4277455985	-332.03550735
15.2170217202	-332.499008328
15.004955071	-332.965805201
14.7880590134	-333.442855984
14.5687215497	-333.925033718
14.345607536	-334.415512234
14.1186940838	-334.914047389
13.8872182552	-335.422470241
13.6518438032	-335.939682155
13.4154241262	-336.458969265
13.1755101853	-336.986190944
12.9323613804	-337.520736842
12.6891973185	-338.05516067
12.4414632489	-338.599594266
12.1914479901	-339.149276881
11.9412191074	-339.699813993
11.6873052277	-340.258773949
11.4355809865	-340.813217307
11.1828038852	-341.371322783
10.9299886405	-341.929794459
10.6739003842	-342.495102079
10.4177587196	-343.058944853
10.1606404966	-343.624008328
9.90343834693	-344.188949732
9.64433647902	-344.758773951
9.38452507905	-345.330551297
9.12527062278	-345.901230007
8.86599327892	-346.463974148
8.58834435209	-347.019271999
8.30863549025	-347.57872024
8.03066613007	-348.129745631
7.7307851488	-348.672592308
7.42991234735	-349.198959499
7.1241262136	-349.72703567
6.81410576508	-350.259994654
6.50527550559	-350.790878444
6.19711663056	-351.320907742
5.88309838076	-351.860458517
5.57277275855	-352.394272
5.2616536782	-352.9300386
4.95080162754	-353.465927274
4.63888909097	-354.003036647
4.32506157691	-354.542465357
4.01386620174	-355.076767118
3.70066430024	-355.61399856
3.38431908411	-356.156967314
3.07017876365	-356.695785671
2.75786186859	-357.232162621
2.44197441859	-357.773544457
2.12772728648	-358.310531762
1.80986382312	-358.853988797
1.49569298537	-359.392929226
1.18471123546	-359.927841334
0.871288077848	-360.468368677
0.558604973543	-361.007675321
0.245433586184	-361.547348169
-0.0675546943676	-362.08677688
-0.378116830601	-362.622299342
-0.690197211807	-363.159652855
-1.01065467054	-363.709945825
-1.32251380093	-364.246322779
-1.64104102243	-364.794662626
-1.9423868478	-365.338607934
-2.23991034826	-365.876693872
-2.53808997246	-366.422226102
-2.83485053456	-366.965438988
-3.13328193012	-367.509262232
-3.4376718828	-368.06248489
-3.73628638557	-368.604843284
-4.03718207486	-369.151352078
-4.33607886569	-369.695053249
-4.63691351993	-370.242904808
-4.93885443819	-370.79331985
-5.24247382453	-371.346908713
-5.54243872757	-371.893417507
-5.84204505058	-372.43882766
-6.14175055653	-372.983749534
-6.44326423015	-373.530990747
-6.74412177328	-374.077011259
-7.04642127303	-374.625961453
-7.34651587741	-375.171127468
-7.64706061687	-375.717392117
-7.95225165633	-376.272323759
-8.25188086665	-376.81712356
-8.55444739561	-377.367416529
-8.85627387196	-377.916488796
-9.15633795923	-378.462387229
-9.45676444238	-379.009262231
-9.75499747356	-379.551986842
-10.0553705532	-380.09898391
-10.3554804152	-380.645248563
-10.6559831931	-381.192367699
-10.956165536	-381.738754417
-11.2568743051	-382.285995632
-11.5572473842	-382.83238235
-11.8562891303	-383.376449731
-12.1564447712	-383.922226102
-12.4560243918	-384.467392115
-12.7559931095	-385.013412622
-13.0554773643	-385.55857864
-13.3573267288	-386.108505398
-13.6605570159	-386.661239775
-13.9590303721	-387.205551297
-14.265766365	-387.764267116
-14.5648233726	-388.309066919
-14.8642198874	-388.854599146
-15.1661264725	-389.404647973
-15.4714586569	-389.96067825
-15.7748682328	-390.5126802
-16.0785372085	-391.065048364
-16.3766596145	-391.607284693
-16.6766741102	-392.15269485
-16.9800913167	-392.704574733
-17.2795374218	-393.249252466
-17.5847856833	-393.804550317
-17.8830225304	-394.346908717
-18.185367805	-394.896591336
-18.484516365	-395.440658715
-18.7849809949	-395.986923366
-19.086311562	-396.534897001
-19.38566993	-397.07945266
-19.6875727008	-397.628402859
-19.9904138881	-398.179062037
-20.2910158463	-398.725692899
-20.5905268028	-399.270614771
-20.8942835163	-399.822982936
-21.201080545	-400.380844262
-21.5006372762	-400.925521995
-21.8010446865	-401.471420437
-22.1089060134	-402.030380394
-22.4113085103	-402.57933059
-22.7137300801	-403.128402854
-23.0144388517	-403.674301297
-23.3176805806	-404.224716336
-23.621990426	-404.776718286
-23.9230539625	-405.323227079
-24.2278215717	-405.876327665
-24.5342523879	-406.432480004
-24.8448641134	-406.996200707
-25.149669869	-407.549423366
-25.4552194909	-408.104355007
-25.7556574162	-408.650497585
-26.0560419395	-409.197006374
-26.3560678789	-409.742904811
-26.6556322398	-410.288070826
-26.9583856885	-410.838607936
-27.258926613	-411.384872584
-27.5602838817	-411.933090359
-27.8587076497	-412.476547389
-28.1587335886	-413.022689966
-28.4586145713	-413.568954615
-28.7561724009	-414.110580593
-29.055408699	-414.655258324
-29.3540842354	-415.19859329
-29.6564295116	-415.748886261
-29.9559748004	-416.294418482
-30.2577097245	-416.843979027
-30.5606920545	-417.395126488
-30.8617594083	-417.943344262
-31.1619112315	-418.490463403
-31.4603617011	-419.034164577
-31.759617073	-419.579086449
-32.0588953327	-420.123764187
-32.3596536943	-420.671005394
-32.6577379528	-421.213485866
-32.9563333831	-421.756454614
-33.2564852077	-422.302475124
-33.5596124959	-422.853500514
-33.8606569601	-423.400619654
-34.1592829073	-423.942855983
-34.4607355427	-424.490585477
-34.7608454063	-425.036117703
-35.0628893203	-425.584701684
-35.3672144244	-426.137436061
-35.6691286401	-426.685531762
-35.9718439408	-427.235214381
-36.2746698683	-427.785629421
-36.5766489324	-428.334579616
-36.8809320765	-428.887680198
-37.1831476521	-429.436874538
-37.4844705889	-429.984726102
-37.7878687207	-430.536972195
-38.0879061045	-431.082870629
-38.3884851761	-431.628891139
-38.6866533593	-432.170272973
-38.9856226287	-432.71409622
-39.2844240493	-433.258529812
-39.5878946603	-433.808090358
-39.8935015028	-434.357406764
-40.1963159855	-434.903915554
-40.4952127759	-435.44944778
-40.793018561	-435.993637234
-41.0935060806	-436.540512234
-41.3976175628	-437.0941011
-41.6974241556	-437.641220241
-41.9994947747	-438.192855982
-42.3019563974	-438.744613796
-42.6052896815	-439.297104027
-42.9064524012	-439.846054224
-43.2072260207	-440.393539573
-43.5097601237	-440.944198756
-43.8124201125	-441.495224148
-44.1102430661	-442.037948756
-44.408786996	-442.581894068
-44.7085172948	-443.127304222
-45.0102503126	-443.676010277
-45.3104593574	-444.221786647
-45.6115686711	-444.768905786
-45.9168722448	-445.323349146
-46.2172434159	-445.86851516
-46.5175173106	-446.413681177
-46.8207838371	-446.964218289
-47.1215040508	-447.509750511
-47.4244921041	-448.058944849
-47.7310793231	-448.614853052
-48.0342676475	-449.165390161
-48.3408510517	-449.721786648
-48.6429731674	-450.270858909
-48.9413893051	-450.814193876
-49.2401411384	-451.358261258
-49.5397169425	-451.903915555
-49.8434851	-452.457382352
-50.1465418155	-453.009750517
-50.4474966356	-453.558212427
-50.747562631	-454.104232935
-51.0493166267	-454.652938991
-51.349214775	-455.198593289
-51.6526434249	-455.750839381
-51.953666908	-456.29820266
-52.2571871111	-456.849960474
-52.5578501049	-457.395980984
-52.8605100952	-457.945663599
-53.1655390102	-458.499740752
-53.4678518598	-459.048935084
-53.7686121296	-459.595932154
-54.0740244226	-460.151352073
-54.3794672327	-460.706527857
-54.6800730054	-461.252914577
-54.9897692025	-461.815780787
-55.2940027537	-462.368515163
-55.5928995448	-462.911728054
-55.8974687879	-463.465316916
-56.1962034539	-464.008773951
-56.4968836138	-464.557113794
-56.8001253425	-465.110458521
-57.0994551016	-465.655990748
-57.4014475178	-466.205917504
-57.7044966046	-466.757797387
-58.003525003	-467.302841333
-58.3038637455	-467.849960476
-58.6021654429	-468.393417506
-58.9015447931	-468.938339384
-59.2038004212	-469.488510278
-59.5039274523	-470.034896997
-59.8048508	-470.582260279
-60.1082556068	-471.134262236
-60.4071571655	-471.677841333
-60.712228998	-472.232528832
-61.0120966253	-472.777084497
-61.3112852396	-473.320785674
-61.6120130849	-473.868271023
-61.9136164025	-474.418075714
-62.2184488617	-474.97349563
-62.5214426355	-475.524765161
-62.8238298711	-476.074203637
-63.1252291044	-476.622665554
-63.4250137638	-477.169662624
-63.724018318	-477.715683128
-64.023531181	-478.260849149
-64.326050026	-478.810775904
-64.6264059391	-479.356674343
-64.9295961675	-479.897201688
-65.2454726531	-480.423568874
-65.5640551868	-480.955551296
-65.8824522318	-481.484970241
-66.2025587399	-482.017318872
-66.5277492832	-482.557113795
-66.8477051079	-483.087875512
-67.1682407678	-483.618271022
-67.4925501165	-484.154770047
-67.8156225522	-484.690048367
-68.1382772753	-485.225326683
-68.4595968561	-485.758285671
-68.7812282857	-486.291122584
-69.1019556365	-486.822128445
-69.4263841924	-487.359848171
-69.7537195511	-487.902694851
-70.0751793223	-488.435653836
-70.3971483547	-488.969345242
-70.7200186085	-489.504135278
-71.0410053571	-490.03562942
-71.3672993017	-490.576522975
-71.6894905382	-491.111435085
-72.0137121499	-491.648666527
-72.3355772338	-492.181625513
-72.6600057907	-492.71873489
-72.9765627221	-493.255111841
-73.2862951575	-493.79331985
-73.5973055194	-494.336654811
-73.9060118019	-494.877792506
-74.212400659	-495.414779809
-74.5224640206	-495.95823684
-74.8295643151	-496.496566921
-75.1380178755	-497.036850123
-75.4491646128	-497.581283716
-75.75926612	-498.124130396
-76.0673658667	-498.663070825
-76.3888017964	-499.223861842
-76.6993124317	-499.763900904
-77.0130998922	-500.303695824
-77.3326628041	-500.850570825
-77.6452219326	-501.393905788
-77.9492876345	-501.935043484
-78.2589456869	-502.481674339
-78.5624964078	-503.007797385
-78.8543894122	-503.518905788
-79.1483671498	-504.036117699
-79.4434988322	-504.553207545
-79.7398912734	-505.071396018
-80.0413496332	-505.599594264
-80.3489935221	-506.13755813
-80.6596014317	-506.674911649
-80.9669706658	-507.212631372
-81.2703916859	-507.747177272
-81.5775797179	-508.288314966
-81.8842394178	-508.828964382
-82.1920301737	-509.375229029
-82.4855444263	-509.893783715
-82.7733557047	-510.399398955
-83.0621969526	-510.907333521
-83.355844719	-511.423446802
-83.6543600388	-511.948105007
-83.9496919932	-512.466903833
-84.2473280249	-512.989120634
-84.5481302561	-513.515243676
-84.851562722	-514.05088821
-85.1570322344	-514.591537626
-85.4644281699	-515.126449733
-85.7883875212	-515.647812037
-86.1085588774	-516.162460475
-86.4356081316	-516.686752466
-86.7672045064	-517.22044387
-87.0925066309	-517.745468287
-87.4267999946	-518.263778835
-87.7716982203	-518.779892114
-88.1037523568	-519.273788599
-88.4196798624	-519.739486843
-88.7243673621	-520.186386255
-89.0340311356	-520.628158717
-89.3675901727	-521.041000512
-89.6841776193	-521.434066918
-89.9851915676	-521.803939968
-90.2713548967	-522.154159693
-90.5470640484	-522.491806176
-90.8160860374	-522.821151883
-91.1066515279	-523.138290554
-91.3859121633	-523.435775906
-91.6511156378	-523.719223167
-91.9000131911	-523.984359888
-92.1478311841	-524.248520046
-92.4070131599	-524.525375513
-92.6750299752	-524.811142116
-92.9520494769	-525.107040554
-93.2385141685	-525.395858915
-93.5409776992	-525.670883325
-93.8471872646	-525.960434106
-94.1595728224	-526.256088402
-94.4822161016	-526.561142112
-94.8202860196	-526.879135278
-95.1536943741	-527.191513209
-95.470577461	-527.488144069
-95.7680437402	-527.767440945
-96.0480081867	-528.030136255
-96.3149225549	-528.280502468
-96.5709421454	-528.520492699
-96.8095781619	-528.744125512
-97.0338175112	-528.954208524
-97.2449037853	-529.151840355
-97.4438898382	-529.338363795
-97.6317179038	-529.514145044
-97.810390695	-529.681137232
-97.9464609458	-529.808456564
-98.0441133795	-529.899398948
-98.1524545971	-530.000839381
-98.2602236093	-530.101547388
-98.3648187936	-530.19956985
-98.4675791084	-530.296005398
