-50.9595 -463.696 1.09035
-50.8972 -463.579 1.0888
-50.833 -463.457 1.08809
-50.7696 -463.336 1.08772
-50.6728 -463.152 1.08727
-50.5876 -462.99 1.08762
-50.5109 -462.844 1.08777
-50.464 -462.754 1.08784
-50.4067 -462.645 1.08822
-50.2954 -462.433 1.08827
-50.1991 -462.249 1.08821
-50.1466 -462.149 1.0882
-50.0877 -462.036 1.08819
-50.0067 -461.886 1.08438
-49.9524 -461.799 1.07005
-49.8738 -461.692 1.03701
-49.8029 -461.599 1.00924
-49.7399 -461.501 1.00436
-49.6807 -461.409 1.00419
-49.6178 -461.316 0.99889
-49.5287 -461.208 0.967964
-49.4181 -461.103 0.911167
-49.3041 -461.01 0.852235
-49.1581 -460.898 0.786657
-49.0816 -460.829 0.773597
-48.9602 -460.712 0.772661
-48.8613 -460.628 0.755208
-48.7367 -460.546 0.708673
-48.5922 -460.471 0.643473
-48.4153 -460.392 0.567523
-48.2598 -460.311 0.538299
-48.1232 -460.232 0.535041
-48.0068 -460.178 0.51082
-47.8873 -460.138 0.467758
-47.7535 -460.096 0.424225
-47.5826 -460.022 0.417109
-47.4786 -459.976 0.417311
-47.3344 -459.913 0.41742
-47.2108 -459.858 0.417498
-47.0845 -459.804 0.416021
-46.9379 -459.755 0.39017
-46.7762 -459.721 0.336751
-46.5934 -459.681 0.292787
-46.4116 -459.628 0.291081
-46.2396 -459.577 0.290637
-46.031 -459.516 0.289813
-45.9237 -459.484 0.289484
-45.812 -459.454 0.284029
-45.672 -459.426 0.261362
-45.4408 -459.394 0.208861
-45.3002 -459.367 0.202088
-45.1751 -459.342 0.201751
-45.0612 -459.319 0.201587
-44.9538 -459.298 0.201376
-44.845 -459.276 0.201299
-44.6947 -459.251 0.191853
-44.5467 -459.243 0.154073
-44.3894 -459.236 0.121303
-44.2122 -459.215 0.120744
-44.0947 -459.201 0.120432
-43.9455 -459.184 0.120307
-43.8053 -459.174 0.106776
-43.678 -459.178 0.072527
-43.5771 -459.176 0.0603957
-43.4437 -459.168 0.0601922
-43.3409 -459.163 0.0588266
-43.2305 -459.157 0.0554539
-43.0919 -459.154 0.0466868
-42.9903 -459.161 0.0251397
-42.8441 -459.158 0.0237762
-42.7026 -459.155 0.0238886
-42.58 -459.153 0.0236345
-42.4725 -459.15 0.023585
-42.37 -459.148 0.0234257
-42.2336 -459.145 0.0226624
-42.0883 -459.143 0.021268
-41.9655 -459.141 0.0213159
-41.8319 -459.138 0.0214475
-41.7218 -459.136 0.0220371
-41.6108 -459.135 0.022141
