-50.0929 -461.987 1.0492
-50.0388 -461.894 1.04875
-49.9884 -461.806 1.05
-49.9345 -461.712 1.04924
-49.8833 -461.624 1.04906
-49.7784 -461.441 1.04907
-49.689 -461.287 1.04885
-49.6071 -461.144 1.04866
-49.5365 -461.022 1.04822
-49.4848 -460.932 1.04798
-49.407 -460.797 1.04758
-49.3254 -460.656 1.04746
-49.2735 -460.566 1.04735
-49.2185 -460.471 1.04732
-49.1198 -460.303 1.04525
-49.0189 -460.155 1.02068
-48.9263 -460.005 1.02087
-48.8128 -459.82 1.02138
-48.7463 -459.711 1.02127
-48.619 -459.512 1.01328
-48.5232 -459.386 0.985404
-48.4426 -459.294 0.953223
-48.325 -459.179 0.898797
-48.222 -459.088 0.851856
-48.1237 -458.996 0.821021
-48.009 -458.877 0.812636
-47.8841 -458.746 0.812226
-47.77 -458.625 0.812209
-47.66 -458.509 0.812259
-47.5368 -458.379 0.812346
-47.436 -458.272 0.812461
-47.342 -458.176 0.809001
-47.2593 -458.099 0.795527
-47.1791 -458.033 0.774073
-47.0849 -457.964 0.741956
-46.9715 -457.891 0.697696
-46.8418 -457.806 0.659523
-46.7514 -457.739 0.651801
-46.6562 -457.667 0.651
-46.5707 -457.602 0.650814
-46.4827 -457.536 0.650255
-46.3957 -457.475 0.642544
-46.2938 -457.412 0.622123
-46.1801 -457.351 0.589211
-46.0705 -457.302 0.550788
-45.9495 -457.257 0.503407
-45.8248 -457.214 0.457408
-45.7135 -457.171 0.433325
-45.6016 -457.123 0.426096
-45.4443 -457.068 0.397711
-45.3061 -457.017 0.383953
-45.1689 -456.964 0.381532
-45.0551 -456.931 0.359025
-44.9266 -456.911 0.313006
-44.8 -456.899 0.262772
-44.6405 -456.869 0.238212
-44.4841 -456.832 0.237703
-44.3265 -456.794 0.236321
-44.1371 -456.761 0.214588
-43.9677 -456.747 0.173376
-43.7623 -456.715 0.165709
-43.5921 -456.687 0.165421
-43.4127 -456.659 0.164631
-43.2543 -456.648 0.138615
-43.0617 -456.633 0.117009
-42.8787 -456.612 0.116725
-42.7059 -456.595 0.113112
-42.5942 -456.593 0.0916591
-42.4865 -456.604 0.0530747
-42.3562 -456.62 0.0118979
-42.24 -456.62 0.00828456
-42.0874 -456.619 0.00622274
-41.9572 -456.619 0.00519263
-41.8022 -456.618 0.00466053
-41.6063 -456.617 0.00431805
-41.4159 -456.616 0.00420673
-41.3134 -456.616 0.00429301
-41.201 -456.616 0.00432604
-41.0333 -456.616 0.00416572
-40.8993 -456.616 0.00366398
-40.7856 -456.616 0.00385679
-40.6608 -456.616 0.00432444
-40.5574 -456.615 0.00470154
-40.4533 -456.615 0.00503071
-40.3521 -456.615 0.00584564
-40.2394 -456.615 0.0083048
-40.1358 -456.615 0.00737429
