-53.8364 -469.394 1.02877
-53.7809 -469.305 1.02947
-53.7138 -469.194 1.02975
-53.6569 -469.099 1.02968
-53.5878 -468.985 1.02976
-53.5109 -468.857 1.02933
-53.4389 -468.737 1.02925
-53.3762 -468.633 1.02917
-53.3223 -468.544 1.02913
-53.2605 -468.441 1.02922
-53.1895 -468.325 1.02846
-53.1083 -468.212 1.00736
-53.0109 -468.058 1.00653
-52.9539 -467.968 1.00656
-52.8942 -467.873 1.00658
-52.827 -467.767 1.00652
-52.7707 -467.678 1.00646
-52.7109 -467.588 1.0021
-52.6427 -467.496 0.986698
-52.5657 -467.404 0.960983
-52.489 -467.306 0.943818
-52.4136 -467.203 0.941607
-52.3352 -467.095 0.941556
-52.2526 -466.981 0.941599
-52.1428 -466.83 0.941771
-52.0278 -466.674 0.939888
-51.9312 -466.555 0.925714
-51.8273 -466.44 0.898852
-51.6915 -466.282 0.880267
-51.5525 -466.114 0.878848
-51.4143 -465.951 0.874783
-51.2583 -465.787 0.849806
-51.1269 -465.667 0.813695
-50.978 -465.549 0.762443
-50.8197 -465.44 0.703618
-50.6588 -465.332 0.658338
-50.4666 -465.193 0.640033
-50.3029 -465.085 0.619534
-50.1325 -464.99 0.578868
-49.9906 -464.927 0.531365
-49.8622 -464.882 0.480153
-49.7613 -464.854 0.43695
-49.5793 -464.811 0.369147
-49.4239 -464.755 0.361547
-49.3009 -464.721 0.340166
-49.1754 -464.704 0.295174
-49.0317 -464.694 0.238357
-48.8837 -464.667 0.220741
-48.7636 -464.644 0.213967
-48.654 -464.636 0.185291
-48.5496 -464.637 0.148514
-48.4075 -464.623 0.134091
-48.267 -464.605 0.134227
-48.1394 -464.588 0.13416
-48.0066 -464.577 0.119888
-47.859 -464.589 0.0677151
-47.7541 -464.588 0.0555429
-47.6397 -464.582 0.0557788
-47.5191 -464.576 0.0556574
-47.3919 -464.57 0.0526864
-47.2348 -464.562 0.0523066
-47.0604 -464.554 0.0522065
-46.8946 -464.545 0.0520526
-46.7865 -464.54 0.0519354
-46.6805 -464.535 0.0518086
-46.5789 -464.529 0.0517154
-46.4771 -464.524 0.0516707
-46.3226 -464.517 0.0517037
-46.1903 -464.51 0.0517783
-46.0835 -464.505 0.052582
-45.9824 -464.5 0.0542332
-45.8793 -464.495 0.0554801
-45.7259 -464.487 0.0558577
-45.5797 -464.479 0.0553373
-45.4575 -464.472 0.0549937
-45.3187 -464.465 0.0552702
-45.2155 -464.46 0.055544
-45.1068 -464.455 0.0568521
-44.9987 -464.45 0.0574971
-44.8909 -464.445 0.0571621
-44.7894 -464.44 0.056598
