-52.2987 -466.404 1.10787
-52.2449 -466.294 1.10839
-52.1966 -466.196 1.1085
-52.1454 -466.092 1.1095
-52.0894 -465.978 1.10991
-52.0324 -465.863 1.10968
-51.9596 -465.717 1.10965
-51.8689 -465.543 1.10258
-51.8056 -465.443 1.0806
-51.6876 -465.247 1.05796
-51.6252 -465.137 1.05802
-51.5694 -465.037 1.05813
-51.4754 -464.878 1.05163
-51.3811 -464.757 1.01303
-51.2703 -464.633 0.960139
-51.1795 -464.507 0.95552
-51.0996 -464.406 0.943177
-51.0224 -464.308 0.932568
-50.9323 -464.187 0.932117
-50.8104 -464.042 0.911457
-50.7377 -463.97 0.885161
-50.6482 -463.883 0.855835
-50.571 -463.797 0.851009
-50.5019 -463.718 0.850958
-50.3868 -463.587 0.851048
-50.2762 -463.475 0.834525
-50.1516 -463.375 0.788063
-50.0671 -463.319 0.749734
-49.902 -463.22 0.677299
-49.7581 -463.12 0.653285
-49.6291 -463.038 0.628103
-49.5387 -462.988 0.601104
-49.3886 -462.89 0.592176
-49.2846 -462.821 0.590636
-49.1886 -462.764 0.579213
-49.0827 -462.705 0.561151
-48.9746 -462.638 0.557831
-48.8807 -462.58 0.557708
-48.7803 -462.517 0.557721
-48.6587 -462.444 0.554249
-48.5372 -462.379 0.537997
-48.3983 -462.316 0.505807
-48.2697 -462.268 0.467034
-48.1127 -462.221 0.412194
-47.9641 -462.188 0.356596
-47.8127 -462.157 0.308352
-47.6561 -462.117 0.28606
-47.5467 -462.087 0.280756
-47.3559 -462.05 0.249822
-47.1974 -462.021 0.227824
-47.0506 -461.987 0.22738
-46.9086 -461.964 0.211569
-46.7849 -461.955 0.1779
-46.6485 -461.933 0.172986
-46.5283 -461.919 0.160143
-46.4176 -461.92 0.126225
-46.295 -461.918 0.101076
-46.179 -461.907 0.100329
-46.0541 -461.906 0.0773276
-45.931 -461.9 0.0707996
-45.8083 -461.894 0.064661
-45.7073 -461.888 0.0643777
-45.6061 -461.885 0.0593331
-45.4834 -461.881 0.0538907
-45.3531 -461.875 0.0535125
-45.2056 -461.868 0.0536995
-45.0588 -461.86 0.0536531
-44.8875 -461.852 0.0536622
-44.7772 -461.846 0.0534406
-44.602 -461.837 0.053618
-44.4976 -461.831 0.0534496
-44.3555 -461.824 0.0540883
-44.194 -461.816 0.0562023
-44.0442 -461.808 0.0573895
-43.9047 -461.8 0.0573368
-43.7761 -461.793 0.0572074
-43.6682 -461.787 0.0570486
-43.542 -461.78 0.0570433
-43.4353 -461.774 0.057259
-43.3247 -461.768 0.0574071
-43.22 -461.763 0.0574279
