-54.797 -471.519 1.05903
-54.7297 -471.402 1.0608
-54.6729 -471.301 1.06052
-54.6145 -471.197 1.06031
-54.5453 -471.074 1.06025
-54.4634 -470.929 1.06028
-54.4069 -470.828 1.06005
-54.3478 -470.723 1.06025
-54.239 -470.529 1.05996
-54.1553 -470.381 1.05987
-54.0818 -470.251 1.05915
-53.9976 -470.102 1.05837
-53.9374 -469.995 1.05811
-53.8876 -469.907 1.05822
-53.8242 -469.795 1.0585
-53.7739 -469.706 1.05873
-53.68 -469.541 1.05707
-53.6159 -469.444 1.04186
-53.5093 -469.314 0.994019
-53.4155 -469.193 0.969006
-53.3356 -469.077 0.968788
-53.2682 -468.979 0.968721
-53.2008 -468.885 0.964949
-53.1136 -468.795 0.927586
-53.0296 -468.714 0.892513
-52.9496 -468.616 0.890817
-52.8791 -468.532 0.887394
-52.7958 -468.452 0.860745
-52.6681 -468.356 0.801174
-52.5005 -468.233 0.739603
-52.3696 -468.116 0.736522
-52.2535 -468.029 0.710866
-52.1412 -467.966 0.665717
-51.9887 -467.896 0.598137
-51.8455 -467.813 0.573561
-51.7234 -467.734 0.573976
-51.6381 -467.679 0.574279
-51.5352 -467.622 0.558462
-51.4149 -467.58 0.509382
-51.2964 -467.544 0.462421
-51.1584 -467.48 0.45453
-51.0428 -467.428 0.447315
-50.9083 -467.387 0.407612
-50.7389 -467.357 0.339584
-50.5687 -467.322 0.294224
-50.4008 -467.273 0.292608
-50.2702 -467.238 0.2846
-50.1582 -467.222 0.254477
-50.0396 -467.22 0.207335
-49.9038 -467.217 0.16072
-49.7664 -467.198 0.155515
-49.6586 -467.182 0.155514
-49.5578 -467.167 0.156035
-49.4571 -467.152 0.155681
-49.3255 -467.132 0.154854
-49.2211 -467.116 0.154552
-49.1032 -467.099 0.155129
-48.9954 -467.082 0.155643
-48.8821 -467.074 0.14411
-48.764 -467.06 0.141656
-48.6644 -467.048 0.140678
-48.5321 -467.045 0.115857
-48.4151 -467.033 0.113449
-48.3098 -467.022 0.114601
-48.1842 -467.012 0.108138
-48.074 -467.014 0.0820712
-47.9527 -467.005 0.0802416
-47.8272 -466.997 0.0776445
-47.7234 -466.989 0.0774213
-47.6175 -466.983 0.0779252
-47.5119 -466.975 0.0778192
-47.3871 -466.966 0.0776642
-47.2716 -466.957 0.0772946
-47.1603 -466.949 0.0770133
-47.0553 -466.942 0.0767752
-46.95 -466.936 0.0774607
-46.8423 -466.929 0.0770027
-46.7186 -466.92 0.0783508
-46.6091 -466.912 0.0784365
-46.4934 -466.903 0.0781947
