-56.067 -473.872 1.0479
-55.9995 -473.757 1.04714
-55.9324 -473.641 1.04775
-55.8717 -473.536 1.04972
-55.8069 -473.424 1.04961
-55.7475 -473.32 1.04984
-55.696 -473.231 1.05091
-55.6279 -473.113 1.05159
-55.5686 -473.01 1.05163
-55.5174 -472.921 1.05158
-55.4437 -472.793 1.05175
-55.3926 -472.707 1.05103
-55.321 -472.596 1.03845
-55.2505 -472.477 1.03998
-55.1648 -472.331 1.04189
-55.1081 -472.235 1.0405
-54.996 -472.082 1.00533
-54.868 -471.95 0.939314
-54.7396 -471.806 0.904199
-54.6373 -471.677 0.904148
-54.5549 -471.584 0.890925
-54.4578 -471.499 0.849162
-54.3436 -471.399 0.812479
-54.2466 -471.297 0.811886
-54.1693 -471.218 0.808688
-54.0646 -471.137 0.772899
-53.9731 -471.083 0.727551
-53.8462 -471.005 0.680291
-53.7342 -470.916 0.678591
-53.6499 -470.849 0.676004
-53.5512 -470.774 0.667717
-53.432 -470.704 0.632837
-53.2746 -470.616 0.592009
-53.1857 -470.557 0.590827
-53.0965 -470.497 0.590423
-53.0006 -470.433 0.590251
-52.8977 -470.365 0.590121
-52.7893 -470.292 0.590065
-52.6696 -470.215 0.585975
-52.543 -470.144 0.566917
-52.4156 -470.073 0.548859
-52.2795 -469.99 0.547215
-52.175 -469.927 0.547182
-52.0809 -469.87 0.547296
-51.9368 -469.79 0.536158
-51.7986 -469.733 0.495517
-51.667 -469.698 0.440846
-51.5251 -469.663 0.386411
-51.4084 -469.619 0.379063
-51.2799 -469.578 0.364057
-51.1501 -469.56 0.314944
-51.043 -469.553 0.269548
-50.9235 -469.547 0.222347
-50.7671 -469.523 0.201621
-50.6396 -469.498 0.201706
-50.5075 -469.471 0.201876
-50.373 -469.444 0.202429
-50.2505 -469.427 0.189498
-50.149 -469.424 0.156224
-50.0217 -469.431 0.107672
-49.8998 -469.422 0.0968507
-49.7859 -469.412 0.0966259
-49.6671 -469.404 0.0907691
-49.5521 -469.415 0.0533767
-49.4004 -469.433 0.00718627
-49.298 -469.433 0.00640597
-49.1686 -469.433 0.00622647
-49.0437 -469.433 0.0060768
-48.94 -469.43 0.0121163
-48.8361 -469.431 0.011654
-48.7294 -469.431 0.0104763
-48.62 -469.43 0.0103208
-48.5159 -469.43 0.0104028
-48.4127 -469.431 0.0126053
-48.3047 -469.431 0.0118505
-48.1796 -469.43 0.0118058
-48.0703 -469.429 0.0116567
-47.9637 -469.429 0.0122697
-47.8596 -469.428 0.0122745
-47.7522 -469.428 0.0124657
-47.6505 -469.428 0.0124316
