-87.0752680133	-529.311142115
-86.9953443852	-529.168319847
-86.9446413358	-529.078231961
-86.8868143394	-528.975448754
-86.8221990888	-528.860580592
-86.7505438157	-528.732772973
-86.6714460666	-528.591537624
-86.5863172841	-528.439315946
-86.4941274965	-528.274765164
-86.3942034087	-528.095932157
-86.2880194014	-527.905868678
-86.1733648608	-527.700302268
-86.0519544922	-527.482528833
-85.923481208	-527.252548367
-85.7891084973	-527.011093291
-85.6478864976	-526.757431178
-85.4999487234	-526.492416529
-85.3446485827	-526.214096218
-85.1814825365	-525.921737819
-85.0102102595	-525.615097193
-84.8338320086	-525.299667507
-84.6514093713	-524.97251907
-84.4633543312	-524.635360865
-84.268846734	-524.286117701
-84.0673925707	-523.923080592
-83.8625871968	-523.552353049
-83.65447448	-523.174667506
-83.4393293692	-522.785507349
-83.2185575803	-522.387558131
-82.9894144367	-521.9769136
-82.7557470633	-521.55857864
-82.5186464629	-521.134018091
-82.274727088	-520.696762234
-82.0291292501	-520.255722196
-81.7757475218	-519.800033717
-81.5209638895	-519.341781761
-81.2580663988	-518.869613796
-80.9949991525	-518.397445825
-80.7273599929	-517.916000515
-80.4582407296	-517.433700708
-80.1849024124	-516.944931178
-79.8629076318	-516.368759303
-79.5478498768	-515.804184106
-79.2640039743	-515.295272973
-78.9754793479	-514.777572781
-78.6858522723	-514.258773952
-78.3927213977	-513.73423782
-78.0997049628	-513.209335474
-77.8008119907	-512.673813013
-77.5043165515	-512.142318871
-77.2030412974	-511.601913597
-76.9022714929	-511.06248489
-76.60224746	-510.523788598
-76.3023283302	-509.98448196
-76.0022566143	-509.444198756
-75.6991407719	-508.899154811
-75.3964636164	-508.35557571
-75.0931455922	-507.810897974
-74.7918474521	-507.270126489
-74.4897415473	-506.728012232
-74.1825554202	-506.176864772
-73.8784668278	-505.631210472
-73.5757772762	-505.088485865
-73.2695791562	-504.539779808
-72.9634573298	-503.990097193
-72.6592571561	-503.442489773
-72.3551733326	-502.894760278
-72.0531055751	-502.351303247
-71.750261529	-501.807113793
-71.4446947408	-501.258407741
-71.1384670562	-500.709457545
-70.8339569392	-500.163192899
-70.5322706543	-499.621566923
-70.2295448596	-499.077865746
-69.9241344746	-498.529037623
-69.6208898838	-497.983993678
-69.3123552612	-497.42942825
-69.0098259293	-496.885605006
-68.7056257559	-496.33982864
-68.3987419447	-495.789535669
-68.0949604333	-495.244003446
-67.7882406556	-494.692123557
-67.4846060104	-494.146957542
-67.1790807073	-493.599350123
-66.8741342842	-493.052353052
-66.5713712992	-492.50852981
-66.2657930662	-491.959579615
-65.9597623174	-491.410141139
-65.655894978	-490.864608912
-65.3492476768	-490.313705592
-65.0467140494	-489.770126489
-64.7415182437	-489.221908717
-64.3947584462	-488.599228052
-64.089390978	-488.05027786
-63.7828943557	-487.499252466
-63.4815742802	-486.95774856
-63.179184182	-486.414901879
-62.8780071567	-485.873886257
-62.5765364012	-485.332260281
-62.2734930331	-484.787826687
-61.9702703792	-484.24351516
-61.6638805702	-483.693344265
-61.357078774	-483.142196803
-61.0555202788	-482.600204618
-60.7527611088	-482.055771022
-60.4509260479	-481.513046415
-60.150113326	-480.972641138
-59.847626908	-480.429062038
-59.5434238747	-479.882553246
-59.2408716514	-479.339340359
-58.936509354	-478.792953641
-58.6350843718	-478.252182154
-58.3323576278	-477.708969266
-58.0300323796	-477.166732937
-57.7263328845	-476.622177271
-57.4225761725	-476.077621609
-57.1157018965	-475.526962428
-56.812938913	-474.982650904
-56.5114157032	-474.440048366
-56.2069532714	-473.892563014
-55.9021475154	-473.346420436
-55.595993262	-472.799057154
-55.2900431001	-472.251815942
-54.9862940151	-471.706405786
-54.6774790114	-471.151596215
-54.3672277762	-470.594833523
-54.0635073024	-470.049789578
-53.7601911852	-469.505600123
-53.4538385698	-468.956283716
-53.152218087	-468.415268091
-52.8384401629	-467.852523949
-52.5332643802	-467.305404809
-52.229789954	-466.760360867
-51.9256937332	-466.212143093
-51.6243059456	-465.668930203
-51.3229009944	-465.127914575
-51.0192491849	-464.584335472
-50.7074816052	-464.024398951
-50.4048769299	-463.479599145
-50.1008570017	-462.931137231
-49.799347145	-462.386337425
-49.4923479391	-461.832748559
-49.1414949722	-461.201400905
-48.8394319837	-460.658676299
-48.5307810152	-460.104110865
-48.2283823318	-459.560287623
-47.9232256231	-459.011703637
-47.6219694435	-458.470077661
-47.3169271785	-457.921859889
-47.0132124247	-457.375473169
-46.7104036626	-456.831039578
-46.4067976297	-456.285385281
-46.1018774339	-455.737899926
-45.7981149991	-455.19200149
-45.4958021475	-454.648544455
-45.1912958459	-454.101303248
-44.8875429457	-453.555648949
-44.5798208542	-453.003402859
-44.2737810437	-452.454696802
-43.9701769193	-451.91050735
-43.6642629919	-451.361923366
-43.3600122757	-450.816024926
-43.0552217798	-450.26963821
-42.7511179276	-449.724350124
-42.4453375174	-449.173690946
-42.1456644357	-448.631698756
-41.8422376933	-448.083969263
-41.5375387513	-447.535263209
-41.2324716884	-446.986190944
-40.9292795484	-446.439560085
-40.6285974812	-445.898178249
-40.32280372	-445.347763209
-40.0224649733	-444.806991726
-39.7187616664	-444.260238795
-39.4135362939	-443.71141067
-39.1093561479	-443.164535671
-38.8070909799	-442.621200709
-38.5060465159	-442.080185082
-38.2038004235	-441.537094264
-37.8996126485	-440.99119583
-37.5942041706	-440.443344262
-37.2914240201	-439.900131375
-36.990215524	-439.359237817
-36.691478951	-438.815536647
-36.4434969251	-438.25669876
-36.190944892	-437.702987819
-35.936321479	-437.146347197
-35.682579261	-436.588730006
-35.4291193323	-436.030868677
-35.1747705765	-435.469955593
-34.9179079368	-434.90245071
-34.661205514	-434.335556176
-34.394054635	-433.746200706
-34.1771242456	-433.169296412
-33.9753534643	-432.593734888
-33.7672312098	-432.019882348
-33.5776712721	-431.445907741
-33.4312479326	-430.860336451
-33.2725603417	-430.279647973
-33.1159937208	-429.690536648
-33.020458443	-429.100082546
-33.0057642279	-428.512069848
-33.0519945461	-427.935531764
-33.0798151343	-427.362533714
-33.1113970114	-426.782455593
-33.1455957716	-426.196762233
-33.2299310989	-425.615707546
-33.3687631909	-425.057602075
-33.4913828216	-424.488144069
-33.6152078926	-423.919906765
-33.7426073392	-423.341049343
-33.9094202348	-422.769638211
-34.1478502576	-422.239730983
-34.4534723582	-421.756698756
-34.7588312455	-421.287826684
-35.0596659017	-420.810775904
-35.3981821372	-420.35935989
-35.7952387166	-419.965316923
-36.2288210239	-419.62510696
-36.6506464304	-419.266586453
-37.0754396751	-418.90684524
-37.5040056538	-418.546127466
-37.9420282668	-418.177353056
-38.3820612279	-417.806869655
-38.8355448081	-417.43919387
-39.3216860115	-417.135727076
-39.8246118856	-416.871078636
-40.3187563241	-416.588974146
-40.8211328806	-416.304916529
-41.3287088705	-416.019027856
-41.8451502159	-415.728866726
-42.3698732669	-415.435043481
-42.8964750589	-415.14036575
-43.4256708465	-414.843612819
-43.9570658039	-414.545150904
-44.4908525764	-414.24559036
-45.0268766722	-413.944931182
-45.5613024078	-413.645126489
-46.1050703346	-413.34007278
-46.6440412822	-413.037582545
-47.186067802	-412.733383325
-47.8531572653	-412.358627468
-48.394319756	-412.054428248
-48.9402124698	-411.747787625
-49.479433282	-411.444320826
-50.0237009358	-411.138168482
-50.5675623234	-410.832504423
-51.1078684148	-410.528915553
-51.6537535014	-410.22227493
-52.1978552178	-409.916610867
-52.7472593612	-409.608017116
-53.2888834305	-409.303573757
-53.829078895	-408.999984889
-54.3717539152	-408.694931178
-54.916635735	-408.389145046
-55.5468332594	-408.03562942
-56.089576941	-407.73081985
-56.6313707661	-407.426132347
-57.1723902047	-407.121811062
-57.7148821169	-406.816879419
-58.2575418795	-406.510238799
-58.7647058783	-406.163925318
-59.2173540415	-405.775009302
-59.6760713875	-405.400253439
-60.1423799825	-405.018417507
-60.6137239756	-404.630478055
-61.0818064037	-404.244980007
-61.5183718036	-403.830917506
-61.8877641988	-403.377548366
-62.2610285109	-402.933700709
-62.6396753624	-402.485946803
-63.0211069403	-402.033676293
-63.4014704071	-401.571884304
-63.7221948936	-401.077743676
-64.0126917181	-400.575424342
-64.3185274436	-400.073105006
-64.6239015874	-399.565170439
-64.9342577293	-399.049301296
-65.2444460217	-398.547104031
-65.5581171347	-398.041122582
-65.8710710825	-397.506698756
-66.1025240238	-396.962997583
-66.3133013078	-396.429916527
-66.5361559204	-395.892563017
-66.7555544202	-395.337875513
-66.9109690015	-394.773910671
-66.9859812076	-394.210678247
-66.9816629718	-393.650985864
-66.8999483405	-393.10935989
-66.8243906313	-392.570175319
-66.7482073142	-392.006332545
-66.665497049	-391.418075711
-66.5857851332	-390.848373561
-66.5063059158	-390.276230005
-66.4159090348	-389.695419459
-66.26084922	-389.143783715
-66.0316202462	-388.628036646
-65.766456825	-388.139267114
-65.517326577	-387.634872584
-65.2599222485	-387.121688989
-64.999855262	-386.604599147
-64.7394335098	-386.083236841
-64.475883704	-385.553085473
-64.2077791516	-385.014999536
-63.9389536194	-384.476669457
-63.6660234755	-383.928817898
-63.3936044992	-383.379867699
-63.1222269366	-382.832870631
-62.8489153213	-382.282455593
-62.5736925427	-381.729965356
-62.2969057386	-381.17649856
-62.017132028	-380.619980003
-61.7377474146	-380.064071802
-61.4611818618	-379.511337426
-61.1835748989	-378.95481887
-60.9054834682	-378.396713402
-60.6298563311	-377.841659695
-60.3532488174	-377.284774927
-60.0740816433	-376.724838407
-59.7954370801	-376.167221216
-59.517482979	-375.611190945
-59.2383463215	-375.053939966
-58.9594347312	-374.497787626
-58.6804926223	-373.940414576
-58.4002344433	-373.379135282
-58.1201975173	-372.818100122
-57.8441355065	-372.264877467
-57.564544899	-371.704330594
-57.2838213277	-371.141952663
-57.0074121778	-370.588730006
-56.7261087719	-370.024887231
-56.4496881806	-369.470688015
-56.1710855789	-368.913559107
-55.8934633567	-368.358627465
-55.6160890886	-367.804306179
-55.3073313067	-367.277206569
-54.9427912078	-366.810897972
-54.5750429454	-366.355209498
-54.2062036828	-365.885727073
-53.8284342117	-365.409286647
-53.453861458	-364.936264185
-53.0420076669	-364.414901878
-52.6618921586	-363.934799342
-52.25487922	-363.481430204
-51.8040201501	-363.100692894
-51.3130228348	-362.790268092
-50.8202516871	-362.520004421
-50.3261644663	-362.22752395
-49.8262407591	-361.93357864
-49.3032305061	-361.675644068
-48.7636034323	-361.498764183
-48.2159273454	-361.403793484
-47.673229438	-361.361557155
-47.1273081134	-361.297592313
-46.5645792317	-361.250839381
-46.0143358547	-361.282211454
-45.4891397788	-361.39451614
-44.986500009	-361.55064407
-44.4641763986	-361.686020044
-43.9242250742	-361.827621607
-43.3839571309	-361.969345242
-42.8370249087	-362.113510279
-42.3104631735	-362.301254421
-41.8262026146	-362.554428246
-41.3248483978	-362.798813015
-40.8184892944	-363.042221217
-40.2948152843	-363.296127466
-39.7696306532	-363.55113235
-39.2398302396	-363.807724145
-38.7043611835	-364.065780786
-38.169628364	-364.323471216
-37.6213304836	-364.587509304
-37.0762522052	-364.850082543
-36.5246393501	-365.116928247
-35.9702532138	-365.384994655
-35.4159700691	-365.65318313
-34.8626901939	-365.930893093
-34.3095857932	-366.205795438
-33.7741625136	-366.501938016
-33.2511293723	-366.807846216
-32.7246630012	-367.109237817
-32.1953661264	-367.413437038
-31.6634714423	-367.71922317
-31.1322824787	-368.024276879
-30.5929872819	-368.334091333
-30.0539972612	-368.643539577
-29.515590889	-368.952255397
-28.9785425481	-369.259384306
-28.4381449051	-369.568222197
-27.8968012176	-369.878158718
-27.3598940212	-370.185287624
-26.7855989765	-370.513534693
-26.2441866228	-370.823227076
-25.7045633633	-371.132675317
-25.1646234818	-371.442367701
-24.6243860541	-371.752182153
-24.0803720786	-372.063583521
-23.5369684516	-372.375351101
-22.9974825224	-372.685287624
-22.4608080204	-372.993271023
-21.9170191136	-373.305160668
-21.3722536378	-373.617172389
-20.8250543905	-373.930404811
-20.2810633014	-374.242050314
-19.7395784692	-374.552353054
-19.1979257887	-374.863021998
-18.6520120927	-375.176010279
-18.1134607634	-375.484970242
-17.5690080962	-375.797104029
-17.0255548783	-376.108871608
-16.4841348961	-376.41954055
-15.9361383744	-376.734237821
-15.3982775051	-377.043319851
-14.849830849	-377.358871605
-14.3075105973	-377.670517116
-13.7698213898	-377.979355007
-13.230106576	-378.289657742
-12.6889574353	-378.600692897
-12.1514551473	-378.909774926
-11.6161844559	-379.217636257
-11.0746729205	-379.528915554
-10.5342829049	-379.839218286
-9.99720023235	-380.147567898
-9.45608542673	-380.458480983
-8.92091773171	-380.765731959
-8.38267920673	-381.07493606
-7.84730170545	-381.382309105
-7.30662177195	-381.692733912
-6.76177619118	-382.005111841
-6.22299597901	-382.314071804
-5.68179724831	-382.624252469
-5.14403174672	-382.933212429
-4.59328864375	-383.249130392
-4.05586646358	-383.557113796
-3.51279090194	-383.868393091
-2.96652625187	-384.181137234
-2.42383216077	-384.492660673
-1.88254187768	-384.803329615
-1.33786414348	-385.115829617
-0.793888313696	-385.427841333
-0.253147347481	-385.738021999
0.346462027519	-386.081894069
0.889262931421	-386.387191921
1.43256737466	-386.691391138
1.97643639473	-386.996566921
2.52282311203	-387.303207548
3.06366326235	-387.606552272
3.60752465104	-387.911483915
4.1531331712	-388.217392116
4.6964681322	-388.522445828
5.23850609572	-388.826889186
5.78426720441	-389.133285672
6.33051659347	-389.439926294
6.87552239303	-389.745834496
7.42067314847	-390.051742699
7.96825768333	-390.358871606
8.51009728294	-390.662704616
9.05504204403	-390.968979029
9.5986669233	-391.27464309
10.1439321209	-391.581283716
10.6852681804	-391.885727074
11.2332265551	-392.193954616
11.7819631271	-392.502548364
12.3277394929	-392.809677273
12.8691213319	-393.114242704
13.4142873463	-393.421127469
13.9573476489	-393.726669456
14.5036199261	-394.034164577
15.0479009325	-394.340438989
15.5926244431	-394.646713405
16.1365392376	-394.95262161
16.6883504561	-395.262680199
17.2307088546	-395.567489772
17.7745168381	-395.873397975
18.3160054844	-396.177963403
18.862560052	-396.48545852
19.4097402268	-396.793563994
19.9549596468	-397.100204616
20.4958379437	-397.40403762
21.0395238566	-397.709335475
21.5817067794	-398.014022974
22.1251332941	-398.319198756
22.6714971254	-398.608383325
23.2374837561	-398.82798782
23.8152578039	-398.985702662
24.3954427417	-399.159896998
24.971004264	-399.330795437
25.5498922038	-399.500961453
26.1348073655	-399.672592311
26.7256353069	-399.845565945
27.3140828762	-399.998275907
27.9441640539	-400.076767115
28.5290334402	-400.093734889
29.1143758474	-400.128646998
29.7042348566	-400.161483911
30.3051412277	-400.186874535
30.9014699628	-400.146347191
31.4697988197	-400.042099146
32.0387990653	-399.953964378
32.6197469407	-399.863266141
33.195827262	-399.755233912
33.7529409099	-399.579330591
34.3028676666	-399.413437036
34.863002557	-399.247543484
35.4276540455	-399.078598168
35.996967093	-398.908065942
36.554668205	-398.709091335
37.0820272141	-398.455795434
37.6187398608	-398.215683134
38.1572454136	-397.973739772
38.7055165936	-397.726547391
39.2545278249	-397.479110868
39.7988393469	-397.221908717
40.3096807169	-396.912216332
40.8218038245	-396.61326614
41.3383824982	-396.3128511
41.8574102107	-396.009384301
42.3575856844	-395.674545436
42.8040349665	-395.280014186
43.1815145176	-394.841293485
43.5269124664	-394.384506372
43.8849446931	-393.936264186
44.2402227088	-393.482040552
44.5583837199	-393.004867703
44.8865010905	-392.527816919
45.2165029213	-392.049545437
45.5483358072	-391.567489775
45.8832814852	-391.080429222
46.2217519458	-390.584823756
46.5141942678	-390.067978054
46.8076207799	-389.553085477
47.1064107587	-389.034164576
47.4079091721	-388.508529811
47.7120702449	-387.97752395
48.0194051436	-387.441269067
48.3235128091	-386.910507349
48.6322896642	-386.37132278
48.9407308263	-385.832748561
49.247577447	-385.297226099
49.5551717443	-384.760482936
49.8615682293	-384.225570827
50.2306783366	-383.581161648
50.5494802172	-383.02745071
50.8567998576	-382.493881371
51.1677510897	-381.946762234
51.476970452	-381.398910671
51.782832879	-380.861557154
52.0916097336	-380.323837428
52.4010732354	-379.782455593
52.710170524	-379.241195829
53.0193441099	-378.700668482
53.3318288497	-378.155502467
53.6394918144	-377.619125511
53.9503286061	-377.077255395
54.260272758	-376.536605982
54.5615956946	-375.991317899
54.7984426179	-375.420761256
55.0284993818	-374.862533717
55.266338127	-374.29441848
55.5005452813	-373.730697778
55.7345388102	-373.162826688
55.9172933266	-372.587143092
56.0247762391	-372.002914575
56.1352803879	-371.428207547
56.2509114917	-370.838119654
56.3635823887	-370.251571801
56.4783284838	-369.651840358
56.5920369802	-369.058822782
56.6903646155	-368.461898952
56.7200887377	-367.865951687
56.755656974	-367.274643089
56.7936208402	-366.677230983
56.8308065103	-366.068100123
56.8592183772	-365.456527859
56.8211934742	-364.85569778
56.7398488689	-364.271347191
56.6739766764	-363.681747584
56.5860250157	-363.092880399
56.4425466245	-362.517318874
56.314067618	-361.947128442
56.1817739181	-361.370834498
56.0486409828	-360.787704618
55.893794792	-360.202743677
55.6719320001	-359.657699735
55.3845632244	-359.152328641
55.1049459145	-358.653915555
54.822109002	-358.14561477
54.5291249919	-357.626571804
54.219165581	-357.130600124
53.850223321	-356.680404812
53.49186303	-356.232650904
53.1138494174	-355.754013212
52.7503545446	-355.297348168
52.3652455987	-354.842880396
51.9411580723	-354.431625514
51.5339238824	-354.016220241
51.1181447671	-353.592636256
50.7015416805	-353.169418483
50.2474324882	-352.7783052
49.7570226353	-352.458358914
49.2779195485	-352.143051296
48.7880742722	-351.816879421
48.3004415209	-351.495102073
47.799464958	-351.164657739
47.295284049	-350.83287063
46.7906301199	-350.501205595
46.2825353321	-350.167465357
45.7679403006	-349.828720242
45.2587621376	-349.492904809
44.7474935214	-349.155258326
44.2389562302	-348.819564965
43.7226369543	-348.488876487
43.1889913254	-348.176254419
42.667293327	-347.859237818
42.1440847092	-347.542221217
41.6171682044	-347.223617703
41.0928685841	-346.909286645
40.5599858938	-346.590683128
40.0229756997	-346.269638207
39.4891774814	-345.949936063
38.9562719032	-345.62974563
38.4224202806	-345.308090358
37.8918264076	-344.98887649
37.3602254562	-344.669784692
36.8292577436	-344.351425318
36.2941091229	-344.032211452
35.759631888	-343.712997583
35.2252309494	-343.393905785
34.6865270314	-343.071273951
34.1500890419	-342.748764187
33.6163900056	-342.427719264
33.0847203897	-342.108505396
32.555652397	-341.791000514
32.0227544478	-341.471054224
31.4902150797	-341.150497583
30.9585759824	-340.830063016
30.428905264	-340.510238795
29.8987767855	-340.190292506
29.3678853678	-339.866439967
28.878108757	-339.499008327
28.4435308145	-339.096908718
27.9702947316	-338.685287622
27.5219915069	-338.293197779
27.0717961955	-337.899398954
26.6148793862	-337.500351099
26.1670873322	-337.07798782
25.7915456475	-336.622421414
25.4806783363	-336.130844264
25.1689412768	-335.646469261
24.8594854042	-335.156479029
24.6144216227	-334.64402786
24.4191625298	-334.116562039
24.2017858209	-333.589706569
24.0126989047	-333.054672388
23.9053914712	-332.509628441
23.8787267376	-331.964462429
23.9312322306	-331.432480004
23.9850652369	-330.90513626
24.0310704871	-330.357772973
24.1254308384	-329.827255399
24.2947347333	-329.331039577
24.5373494787	-328.868881375
24.7717626272	-328.408676293
25.0027806943	-327.934188992
25.2395360639	-327.454086454
25.4798772514	-326.967758324
25.7345922164	-326.476181176
26.0328786551	-326.014755396
26.3171956721	-325.543441918
26.60161187	-325.070053246
26.893520134	-324.584701686
27.1874730752	-324.096176296
27.4839132009	-323.603134302
27.7846563031	-323.103134304
28.0924337083	-322.592025905
28.4044606854	-322.074569851
28.7134664229	-321.562118678
29.0270879432	-321.042343289
29.3397100142	-320.52415481
29.6561620409	-319.999130399
29.971271293	-319.476181176
30.2896611854	-318.948471216
30.5881002122	-318.416610866
30.891170281	-317.887558133
31.1967122722	-317.353500514
31.507282035	-316.809433131
31.8114888839	-316.275863797
32.1168782876	-315.740707546
32.4232442557	-315.2034761
32.7289617217	-314.666732934
33.0390050577	-314.123031765
33.3772695243	-313.529770046
33.6835363091	-312.99266067
33.9923970874	-312.451156766
34.2996328039	-311.913314963
34.6067922285	-311.37596145
34.9164846105	-310.83323684
35.1989934603	-310.289535671
35.4791906046	-309.745590356
35.7630422284	-309.198959497
36.0439641636	-308.655990747
36.3283498468	-308.106186058
36.6154897391	-307.5517427
36.9020879446	-306.999008326
37.1875264816	-306.447860865
37.475322503	-305.891830593
37.7618673017	-305.338363795
38.0475804969	-304.786972192
38.3350560835	-304.232040551
38.6237065962	-303.675155789
38.9131353075	-303.115463403
39.1992604913	-302.561508328
39.489383477	-301.999740749
39.7750432653	-301.447860865
40.0620839772	-300.894271995
40.3488042521	-300.34068313
40.6359059977	-299.785507347
40.904605643	-299.223617702
41.1743657766	-298.671249535
41.4465596845	-298.11314407
41.7205007249	-297.551376491
41.9914739295	-296.99620071
42.2645375904	-296.436508327
42.5369908973	-295.877304225
42.8104818036	-295.316146999
43.0817907018	-294.759994654
43.355243462	-294.199569847
43.6284444504	-293.639755397
43.9027974777	-293.077499539
44.177905814	-292.51377883
44.452075737	-291.952133325
44.7261922522	-291.391464381
45.0008123079	-290.829940944
45.2754018483	-290.268173366
45.5469930343	-289.712021023
45.8221318879	-289.148422391
46.0950963658	-288.588974146
46.3687093415	-288.028427273
46.6423680956	-287.46775833
46.9183309259	-286.901840359
47.1924550691	-286.339462426
47.475742118	-285.758529806
47.7478978808	-285.200546413
48.020007864	-284.642074733
48.2927358305	-284.082260281
48.5547216108	-283.523178246
48.8087194145	-282.964828637
49.0672948541	-282.402206565
49.3241689368	-281.842392113
49.5830190365	-281.276474148
49.7996938391	-280.705429222
50.0211675342	-280.134750516
50.2416265173	-279.568710474
50.463344353	-278.9970552
50.6861608202	-278.421981956
50.9122884447	-277.838730007
51.1366918258	-277.259506371
51.3601949371	-276.683212429
51.5835073174	-276.107650903
51.8082769089	-275.528183131
52.0340383219	-274.946151882
52.2584645918	-274.367782742
52.4858052898	-273.782699732
52.7116506264	-273.201156764
52.9388692565	-272.615341336
53.1633718185	-272.037826685
53.3885915447	-271.460189967
53.616252678	-270.877182155
53.8413121885	-270.29783645
54.0669591594	-269.714584498
54.2896993338	-269.135605005
54.5124547658	-268.555526883
54.7354467081	-267.977035669
54.9590718909	-267.398788603
55.1836202319	-266.819442896
55.4126546567	-266.229110864
55.6393697423	-265.644516142
55.8644368816	-265.064682155
56.0926168142	-264.476547389
56.3175924	-263.896591332
56.5439412761	-263.313217308
56.7706258469	-262.728500515
56.9948995285	-262.150253443
57.2189748449	-261.572250514
57.4462392506	-260.986190944
57.6462667166	-260.400619651
57.7743489919	-259.806625515
57.9044759452	-259.219223169
58.0353963556	-258.635849146
58.165431754	-258.044418481
58.298396843	-257.443710474
58.4633138333	-256.700546413
58.6315267251	-256.116562038
58.7966878592	-255.536239771
58.9627034831	-254.948227079
59.1295125653	-254.360580592
59.2977101979	-253.769027855
59.4660909353	-253.177597194
59.636073844	-252.580429221
59.804408805	-251.989364772
59.9743001625	-251.393295434
60.1451070493	-250.794052272
60.3153340983	-250.197006374
60.485912101	-249.598739771
60.655315179	-249.003891135
60.8266408621	-248.402572778
60.9587361975	-247.804062037
61.0722005545	-247.197250517
61.1917073891	-246.60179153
61.3102376636	-246.004379422
61.4302327809	-245.398056175
61.5500447916	-244.792099149
61.6694142985	-244.187484888
61.7882802651	-243.584701683
61.9081380527	-242.976669458
62.0284536042	-242.365585475
62.1487996749	-241.754257347
62.2703511897	-241.137313992
62.3720052415	-240.523666531
62.4028279966	-239.915268094
62.4428365406	-239.316146997
62.4841268226	-238.714096216
62.5247457196	-238.103744654
62.5655477218	-237.492904809
62.6065175713	-236.880844264
62.6473348314	-236.266464381
62.6876790693	-235.653915554
62.7283284834	-235.037582546
62.7691610019	-234.418075711
62.8098561922	-233.799301293
62.8510701823	-233.171615747
62.8917501141	-232.553085472
62.9328267757	-231.930160672
62.9738881752	-231.309433131
63.0153157877	-230.684311058
63.0563466721	-230.064193874
63.0971181565	-229.445297387
63.1387899086	-228.814560084
63.1799428632	-228.193710474
63.2211873716	-227.572616727
63.2627065365	-226.945053251
63.3084676454	-226.254623559
63.3498494785	-225.631088405
63.3910787277	-225.008651884
63.4324147858	-224.385238795
63.4735067068	-223.764145045
63.5144155202	-223.14488235
63.5552632973	-222.527328636
63.5962178882	-221.909164577
63.6379201591	-221.278793481
63.6790578541	-220.655380396
63.7202108066	-220.031112819
63.7613027268	-219.407821802
63.8026693024	-218.784164576
63.8440053627	-218.162704617
63.8851583173	-217.54331985
63.9265248941	-216.919540552
63.9677388832	-216.298202662
64.0090749438	-215.675766138
64.0501363442	-215.057357937
64.0913961115	-214.435287625
64.1323964761	-213.816147
64.1733052897	-213.198715355
64.2147176443	-212.573105009
64.2558095626	-211.952499537
64.2973745039	-211.325424341
64.3385274584	-210.704086451
64.3800771404	-210.077743676
64.4215657871	-209.452377465
64.462856071	-208.831039576
64.5039022142	-208.212631374
64.545696037	-207.582382348
64.5869100265	-206.959213402
64.6282003101	-206.33641067
64.6696889561	-205.713363793
64.7108419118	-205.094711452
64.7527120274	-204.465194848
64.7942769697	-203.840805201
64.8354757002	-203.222030788
64.8769490894	-202.597519068
64.9189717935	-201.96507278
64.9600637107	-201.346176295
65.0018727952	-200.716415552
65.0428273833	-200.097641139
65.084254998	-199.47300735
65.1253011395	-198.85289016
65.1662557293	-198.23387161
65.207607049	-197.609115747
65.2487447439	-196.988266141
65.2902333906	-196.363144069
65.3314931568	-195.740219264
65.3775441825	-195.044052269
65.4186666165	-194.423324733
65.4777486498	-193.807602076
65.5452077555	-193.202499535
65.6102559745	-192.587631374
65.6756246252	-191.975204615
65.7412984545	-191.361068876
65.807689446	-190.739608912
65.8740499184	-190.119125512
65.9403340988	-189.499984887
66.0064656895	-188.881576688
66.0729329744	-188.260360865
66.1392171555	-187.641098169
66.2059133215	-187.018783718
66.2727315605	-186.395736843
66.3386037523	-185.781234892
66.4047963798	-185.163192897
66.4710042644	-184.54685989
66.5374410318	-183.928085472
66.6038930591	-183.307846219
66.6705281906	-182.686386256
66.7365987478	-182.071518091
66.8036306063	-181.447738795
66.869685904	-180.831039578
66.9188954995	-180.212509304
66.956249016	-179.599105984
66.9978597338	-178.982895047
67.0385244059	-178.367660669
67.0792501149	-177.746322774
67.119838492	-177.126571804
67.1603353197	-176.509140159
67.1804464047	-175.890487817
67.1602285076	-175.280624536
67.1524465235	-174.66416946
67.1436116853	-174.057357938
67.1344106369	-173.445053246
67.1250875161	-172.829330591
67.1157338792	-172.211410671
67.1061208426	-171.583358913
67.0966756509	-170.964096219
67.0935323416	-170.350082543
67.0905263597	-169.736068876
67.0870473558	-169.119369656
67.0834920569	-168.502914575
67.0797078784	-167.879257351
67.0759999912	-167.255844261
67.072475213	-166.63291946
67.0689504317	-166.009384303
67.0654256504	-165.389511257
67.061855094	-164.764389189
67.057826775	-164.092758329
67.0542104417	-163.466781763
67.0506551446	-162.847030788
67.047023552	-162.216781765
67.0433309254	-161.594345241
67.0396688154	-160.971908718
67.0361287751	-160.348373559
67.032527702	-159.724838403
66.9882466954	-159.110092313
66.8674123463	-158.514022975
66.7211263357	-157.937484888
66.5868184739	-157.354477076
66.4488332446	-156.770736844
66.3094442065	-156.185165554
66.1680715244	-155.591781763
66.0255849537	-154.994003443
65.8817708658	-154.390243677
65.7376210862	-153.786239771
65.5947835604	-153.188461453
65.4522359534	-152.590805196
65.3092763596	-151.990951684
65.1652181305	-151.387313994
65.0214803393	-150.78501907
64.8774984063	-150.180648951
64.7328145669	-149.572738793
64.5892598797	-148.963730005
64.5007589025	-148.360092309
64.4912526775	-147.767318872
64.491420523	-147.179428251
64.4835622485	-146.579940944
64.4785268478	-145.981186063
64.4741933517	-145.379135281
64.4699361492	-144.772689967
64.4656636886	-144.162338406
64.4612386398	-143.546493677
64.4567983323	-142.933090356
64.4521749191	-142.317367699
64.4474446947	-141.700180201
64.4428365403	-141.079086452
64.4382741614	-140.459823757
64.433574454	-139.836654814
64.4288900073	-139.215072779
64.4243276297	-138.593124536
64.4197042144	-137.963974144
64.4151265781	-137.343734887
64.4105489418	-136.721542506
64.4059407888	-136.095688012
64.4014547045	-135.476791526
64.3969381039	-134.853622581
64.3923604646	-134.227646023
64.3870809256	-133.514633327
64.3824117341	-132.888778837
64.3778035811	-132.263900906
64.3730886169	-131.632431177
64.3684957197	-131.005844264
64.3639486018	-130.381088404
64.3593709628	-129.759506372
64.3548543606	-129.132064966
64.3503377609	-128.509384302
64.3457601242	-127.888412626
64.3411214512	-127.264389183
64.3364980384	-126.637924341
64.331874627	-126.009994654
64.3272969878	-125.385605005
64.3227803882	-124.763046414
64.3182943034	-124.140243678
64.3137471832	-123.519027858
64.3091695484	-122.896347193
64.3046376874	-122.276718284
64.300014273	-121.656967311
64.295528189	-121.036728051
64.2910115873	-120.412704615
64.2864186927	-119.785263211
64.2820089023	-119.166855006
64.2774465257	-118.543930205
64.2727315589	-117.923080593
64.2680776282	-117.301498559
64.2635152502	-116.679672388
64.2588155437	-116.060653833
64.2538564376	-115.43833938
64.2489888834	-114.812118676
64.244533318	-114.19273391
64.2400777502	-113.569442896
64.2351491624	-112.945175317
64.230159539	-112.322494649
64.2253682783	-111.693344265
64.2206227949	-111.067367703
64.2159078302	-110.441146999
64.2112691572	-109.81700149
64.2065389319	-109.192367702
64.2018697424	-108.572006374
64.1973073655	-107.951400906
64.1927755047	-107.330429226
64.1881978671	-106.71189895
64.1834676438	-106.086044458
64.1787374204	-105.457992704
64.1740682304	-104.830551296
64.16939904	-104.201767116
64.1648214022	-103.583480982
64.1499593427	-102.95701614
64.07754113	-102.26243606
64.0246846837	-101.646957545
63.9709127131	-101.03562942
63.9163472822	-100.421859887
63.8520772632	-99.8118745387
63.7217672035	-99.2245942634
63.5703389806	-98.6492768773
63.4289968173	-98.0648042252
63.2858846359	-97.4832612537
63.1413991626	-96.8979341066
62.9952657396	-96.3068696549
62.8419759449	-95.7070161426
62.6425588297	-95.1381684826
62.4492147136	-94.5628511002
62.2537343678	-93.9788667234
62.0601461121	-93.4039155515
61.8400380777	-92.8318940694
61.5528829272	-92.3032075432
61.2642324142	-91.792953637
60.9808004084	-91.2767182896
60.6910360035	-90.7541352804
60.3935811695	-90.218612819
60.0658223788	-89.7197114523
59.6814840016	-89.2772065653
59.2821767499	-88.8593598888
58.8914754562	-88.4301606705
58.4861715015	-87.9943696568
58.045009392	-87.6081391899
57.6070668859	-87.2308198498
57.1697499927	-86.8467866452
56.7181203526	-86.4653169196
56.2299153973	-86.1451264899
55.7201497718	-85.8815766862
55.2223470381	-85.6022798121
54.7145574248	-85.3194428962
54.1998479538	-85.0400239523
53.6623876258	-84.8193208254
53.1071813279	-84.6780854724
52.5489766772	-84.5748139909
52.0005834278	-84.4546968038
51.437976616	-84.3491059798
50.8701741875	-84.3184663323
50.3107259445	-84.3415376223
49.7547719646	-84.3430024637
49.1931340868	-84.3467866448
48.6194646534	-84.351425319
48.0394551911	-84.3564302009
47.4589650789	-84.3615571568
46.8699987101	-84.3664399683
46.2745397257	-84.3715669205
45.6704137505	-84.376449733
45.0680501633	-84.3815766857
44.4514959032	-84.3867036402
43.8336980499	-84.3915864509
43.2252919844	-84.4289399688
42.6310537038	-84.545517114
42.0738027258	-84.7365571545
41.5525167158	-84.9748384049
41.0227925956	-85.1977387965
40.4888417901	-85.4267427004
39.9430196446	-85.6628266862
39.4012639694	-85.8974458259
38.8520009684	-86.1349946531
38.3004491499	-86.3740083226
37.7426030795	-86.6135102799
37.1790197063	-86.7983247293
36.6074254691	-86.9083100851
36.0407903354	-87.0248872312
35.4649923005	-87.1456147707
34.8809316331	-87.2656098912
34.2952611612	-87.3836518824
33.7118947672	-87.446029807
33.1281926805	-87.4765473888
32.5420415567	-87.5214692596
31.936313408	-87.5656587188
31.3390920326	-87.6091157501
30.7402074508	-87.638900904
30.1362340616	-87.6673432882
29.524204033	-87.6974946549
28.9161031416	-87.7270356715
28.3064687422	-87.757064967
27.6974828402	-87.7769624284
27.0890386271	-87.7902680929
26.4771688152	-87.8061372349
25.863300101	-87.8220063751
25.2467458409	-87.8379975851
24.6291387242	-87.8537446554
24.0067632374	-87.8698579362
23.3798864065	-87.8857270754
22.7625997238	-87.901596216
22.1488759682	-87.8930512955
21.5455053037	-87.8663178962
20.9345967943	-87.8466645796
20.3222310707	-87.8256684844
19.7091634449	-87.8046723884
19.0911824866	-87.7840425046
18.474635856	-87.7629243396
17.8557546315	-87.7414399665
17.2331960368	-87.720199733
16.6151693035	-87.6990815704
15.9511373204	-87.6767426985
15.3330342948	-87.6564790295
14.7074697192	-87.6360932887
14.090617911	-87.6154634045
13.4757650072	-87.6076509068
12.8697316814	-87.6695405538
12.2727925947	-87.7474214132
11.6748769444	-87.8148042252
11.0725057287	-87.8847505152
10.4717519467	-87.955307154
9.86278893158	-88.0272065685
9.25342919072	-88.0995942648
8.64083458745	-88.1723481724
8.02851464192	-88.2454682896
7.41576744843	-88.3184663351
6.79301049135	-88.392563012
6.19338585576	-88.5058442606
5.61922814156	-88.6931001213
5.05578209547	-88.8835298093
4.48839928396	-89.068954614
3.91547753091	-89.2580415304
3.33906151634	-89.4523774683
2.78820397053	-89.7004243438
2.28629662422	-90.0134126213
1.83431603317	-90.3906098902
1.45159508474	-90.8143159407
1.07458092563	-91.2282563755
0.693782583927	-91.6443940718
0.352336662356	-92.0966645777
0.0796010662452	-92.5925141824
-0.1137583073	-93.1118012955
-0.229709848354	-93.6428071554
-0.354694586538	-94.1677094963
-0.485126717133	-94.7023774674
-0.614063485584	-95.2441255134
-0.743763192033	-95.7914887932
-0.875019295258	-96.345443876
-1.00716040743	-96.9030610588
-1.14107153984	-97.4684907473
-1.27598975354	-98.0383149637
-1.41315100866	-98.6171723865
-1.54744361225	-99.1999360612
-1.62230323063	-99.7863618406
-1.69363806857	-100.366928248
-1.77045081346	-100.95335403
-1.84616492473	-101.544418482
-1.92201636522	-102.140121609
-1.98788855679	-102.743393089
-1.98532508215	-103.344345242
-1.98215125402	-103.940902858
-1.98253272218	-104.555648952
-1.98096106783	-105.162338404
-1.97884009563	-105.768783718
-1.9765207587	-106.384018091
-1.97403357679	-107.001815944
-1.99132178503	-107.620956569
-2.00310157158	-108.2314302
-2.01507972018	-108.848373561
-2.02725623449	-109.473373561
-2.03926490044	-110.092758326
-2.05147193163	-110.720565943
-2.06366370403	-111.349594263
-2.07585547783	-111.972396998
-2.08815406088	-112.595932152
-2.10040686873	-113.222396998
-2.11269019486	-113.845443872
-2.12494300096	-114.466903836
-2.13728736038	-115.088852075
-2.14969275682	-115.713974147
-2.16208289267	-116.342270048
-2.17441199534	-116.968856959
-2.18678687402	-117.593002467
-2.19917700905	-118.216659695
-2.21164344077	-118.847396995
-2.22400305921	-119.47337356
-2.23639319628	-120.099838404
-2.24847815675	-120.721298365
-2.26038001257	-121.344101102
-2.27248023322	-121.968124539
-2.28483985225	-122.591171412
-2.29722998664	-123.219711448
-2.30929969071	-123.843979028
-2.32152198022	-124.474472194
-2.33385871153	-125.10337844
-2.34604285599	-125.722885281
-2.35847113695	-126.351303248
-2.37086127547	-126.976913603
-2.38326666993	-127.60227981
-2.39568732562	-128.225204615
-2.40823004895	-128.859115751
-2.42060492892	-129.483749539
-2.4331857987	-130.108017114
-2.44577429967	-130.730331569
-2.45827124838	-131.351913598
-2.47082923137	-131.978744655
-2.48339484457	-132.603256373
-2.49597571394	-133.223129417
-2.50872443314	-133.85240188
-2.52122138371	-134.474838404
-2.53359626175	-135.094223169
-2.54642127192	-135.735824733
-2.54952643492	-136.358871609
-2.51536200766	-136.967514185
-2.49214576127	-137.584823754
-2.46800635505	-138.197860867
-2.44363806839	-138.810287619
-2.4187967616	-139.433090357
-2.3940164863	-140.050399926
-2.36932013649	-140.668808129
-2.34471533896	-141.288559109
-2.32024024217	-141.906967309
-2.29588721413	-142.52439895
-2.27106879535	-143.150009303
-2.24692939059	-143.770980982
-2.22340796626	-144.392318872
-2.19961188396	-145.013900905
-2.17410681886	-145.64134231
-2.14766333799	-146.268051297
-2.1289865807	-146.888168483
-2.12206671911	-147.520858912
-2.11093543237	-148.146103056
-2.10034583264	-148.763778832
-2.09044287913	-149.385727077
-2.07996771857	-150.005233912
-2.06901191076	-150.623520045
-2.05797217618	-151.243271019
-2.04587195697	-151.86326614
-2.03376410797	-152.485336453
-2.0218241032	-153.109604027
-2.01021216554	-153.730453638
-1.99881384982	-154.355697777
-1.98845313233	-154.980697777
-1.97808478563	-155.59935012
-1.96693060972	-156.220932154
-1.95581458288	-156.84422317
-1.9445383366	-157.467514186
-1.9331629111	-158.09471145
-1.92223761755	-158.71934524
-1.91125891858	-159.345443876
-1.90012000257	-159.971908717
-1.88898871653	-160.597885279
-1.87794135266	-161.230453639
-1.86705420713	-161.857040552
-1.85592292028	-162.48838821
-1.84497474035	-163.113632351
-1.83433936327	-163.740707546
-1.82378790958	-164.367172389
-1.81288550678	-164.994980006
-1.80183051282	-165.619735864
-1.79107306583	-166.249252468
-1.78005622106	-166.913314964
-1.76940558525	-167.538437035
-1.75831244583	-168.166366727
-1.74763892265	-168.803939967
-1.73766730598	-169.429672389
-1.72742102935	-170.060775905
-1.7173578568	-170.683090356
-1.7073480917	-171.311996608
-1.69741461915	-171.939804226
-1.68642829126	-172.560531765
-1.67426703684	-173.1890718
-1.6629526444	-173.817733912
-1.65303443186	-174.439682153
-1.64297889039	-175.058090356
-1.63182471402	-175.677597195
-1.62002967112	-176.297226096
-1.60802100337	-176.918319849
-1.59536383941	-177.535141141
-1.58227942546	-178.157211453
-1.56901190919	-178.778915553
-1.5569650954	-179.397201685
-1.54581092211	-180.017685083
-1.53510688071	-180.638778834
-1.52358649456	-181.27342239
-1.51234839438	-181.892807154
-1.50114081649	-182.520614772
-1.49064276833	-183.143539574
-1.47989295179	-183.769149926
-1.46888373542	-184.392074734
-1.45763037924	-185.01658645
-1.4459802924	-185.639389186
-1.43423865584	-186.265976098
-1.42281745188	-186.884506373
-1.41168616386	-187.509506371
-1.40092108946	-188.138412623
-1.39071295917	-188.764389186
-1.38039038866	-189.387069852
-1.36941169068	-190.012802271
-1.35808966885	-190.636947778
-1.34697364119	-191.262802271
-1.33651374152	-191.889022976
-1.32620642876	-192.510727077
-1.31543372385	-193.137924341
-1.30459998362	-193.765487818
-1.29431555921	-194.386215357
-1.27882788784	-195.004379418
-1.21110175247	-195.617172387
-1.15193579753	-196.22544876
-1.09290717379	-196.836044458
-1.00830481562	-197.442123561
-0.84939215862	-198.025985864
-0.646602852968	-198.580795436
-0.460697396309	-199.139877468
-0.270847542386	-199.701889183
-0.0769769977778	-200.271957542
0.117007987923	-200.842514184
0.350978629605	-201.395248558
0.639812248759	-201.916000516
0.910236135474	-202.43431106
1.18606163864	-202.960312035
1.46490837878	-203.489242702
1.74735619384	-204.024643094
2.03199364484	-204.563461453
2.3451497723	-205.087387234
2.71568657696	-205.559555202
3.07746483665	-206.021469266
3.440471426	-206.490219264
3.82419182605	-206.945785672
4.25547386822	-207.340805204
4.69286705635	-207.716049343
5.12885643856	-208.106063993
5.57683159574	-208.495346215
6.05651451729	-208.82896438
6.57220055419	-209.092270046
7.1073415443	-209.28099075
7.63367058622	-209.474228054
8.1584203419	-209.668930203
8.6964681315	-209.866195826
9.24565483769	-210.065902857
9.79694725818	-210.265121606
10.3541524587	-210.463119652
10.9177663486	-210.603012235
11.4869954753	-210.713974146
12.0541341469	-210.840561062
12.6345632233	-210.964584498
13.212222832	-211.057724147
13.7910878817	-211.160873559
14.3769796074	-211.263168482
14.9617269209	-211.364975124
15.5500142754	-211.466781763
16.1510198296	-211.571884302
16.753970878	-211.677963404
17.3596532514	-211.784652858
18.0656392728	-211.862045435
18.6676442775	-211.876693872
19.2644078889	-211.908065941
19.8705785439	-211.93846145
20.4758336708	-211.965805203
21.084026114	-211.989975123
21.6991765661	-212.01634231
22.3784597084	-212.049057154
22.9901387866	-212.078598169
23.6059682542	-212.107162624
24.2252309504	-212.134750513
24.8432882001	-212.162216332
25.4714543977	-212.191635279
26.0950200743	-212.221054224
26.7165639565	-212.249252466
27.3378789585	-212.277084498
27.9600179363	-212.30564895
28.5845449127	-212.333847194
29.1941793126	-212.320053247
29.8032033602	-212.310897975
30.4198873208	-212.302475125
31.039287347	-212.293441919
31.6616323175	-212.28477493
32.2800252625	-212.276230006
32.903224725	-212.267929227
33.5186574621	-212.259750514
34.139262932	-212.251571802
34.7555806806	-212.242904809
35.3730580981	-212.233261256
35.9886739417	-212.221786649
36.6138189019	-212.21080032
37.2395894687	-212.202255396
37.8602559747	-212.19541946
38.4853170096	-212.187851099
39.1059606253	-212.179428244
39.7315023123	-212.170883325
40.3500783599	-212.162826685
40.9746129697	-212.155014184
41.5952565846	-212.146957544
42.2207906417	-212.138656761
42.836093681	-212.175521997
43.4369008713	-212.23851028
44.1394460374	-212.298813016
44.7521627112	-212.355697781
45.3406255415	-212.468734886
45.9044912017	-212.622543484
46.4783437412	-212.760971218
47.0628621741	-212.904281765
47.6478765169	-213.048568875
48.2409017258	-213.205551295
48.7921407392	-213.423813011
49.2948110264	-213.707260279
49.7602193543	-214.033798363
50.2385518717	-214.346786645
50.7218129808	-214.667221218
51.2102163005	-214.993393094
51.7079045939	-215.326522974
52.2416188878	-215.744125511
52.6372335132	-216.163070825
52.9792745294	-216.604843284
53.3433797539	-217.039291528
53.7045781786	-217.481063989
54.009792106	-217.955429224
54.2383840256	-218.45787063
54.4520833659	-218.956283715
54.6841314008	-219.459457544
54.919811026	-219.979965359
55.1550100031	-220.503647
55.3876912759	-221.040878444
55.553294914	-221.583114771
55.6392934503	-222.130233914
55.697994011	-222.680282741
55.7746846854	-223.231796413
55.8507192305	-223.794174339
55.9084127119	-224.362533719
55.8895833667	-224.922226098
55.8705556558	-225.477035672
55.8583486257	-226.041855005
55.8427388844	-226.623275905
55.8267934485	-227.208847195
55.809840934	-227.799423366
55.7928731611	-228.388046411
55.774440544	-228.99217239
55.7562520688	-229.594223168
55.7383535079	-230.202133326
55.7210652987	-230.812484891
55.7041585621	-231.427719262
55.6870687169	-232.052719262
55.6529958409	-232.664535668
55.6197469403	-233.285141137
55.5884664241	-233.899521024
55.5558736488	-234.520736843
55.5125081704	-235.136825706
55.4314534824	-235.738998564
55.3646047299	-236.346420435
55.2965352704	-236.958358913
55.2280538251	-237.566513211
55.1595418628	-238.178207543
55.0807759927	-238.790512234
54.9949300442	-239.400009301
54.9121511141	-240.011825708
54.8287770914	-240.630233913
54.746127861	-241.244980009
54.6635244071	-241.85948196
54.5660283745	-242.477279809
54.4537313161	-243.074813991
54.346965568	-243.680648951
54.229900138	-244.346908719
54.1191060706	-244.956283718
53.9513814614	-245.537094262
53.7625234303	-246.10545364
53.5822866127	-246.683700711
53.3993032142	-247.263778836
53.2136113797	-247.849594267
53.0266454407	-248.435409691
52.8396413496	-249.02085891
52.6531484289	-249.608749539
52.4649388973	-250.203476102
52.2769887602	-250.795761254
52.0900304492	-251.389877472
51.9324758233	-251.991439968
51.7682683636	-252.58580032
51.6035726238	-253.182724146
51.4379384685	-253.784896996
51.27198388	-254.39036575
51.1078145684	-254.990341331
50.9449956586	-255.586776881
50.7804372467	-256.186874537
50.6144063628	-256.789901881
50.4508779228	-257.384750514
50.2883565588	-257.979355005
50.125621574	-258.576645047
49.9629476235	-259.174911649
49.7804372476	-259.76878372
49.5756795573	-260.345688013
49.3789098436	-260.927230984
49.1832235031	-261.503036647
48.9858968427	-262.083480983
48.7876241365	-262.667465359
48.5873143835	-263.257797389
48.3874623949	-263.847641135
48.1709020304	-264.41783157
47.9486653967	-264.985336449
47.7274892488	-265.556625511
47.5054052037	-266.130233912
47.2828405079	-266.708358912
47.0645482716	-267.280380396
46.8408925704	-267.863876489
46.6140020081	-268.446029812
46.3890111615	-269.021957547
46.1649892506	-269.601303246
45.9419210129	-270.178939966
45.7181661295	-270.754867703
45.4923055351	-271.33555618
45.2676503815	-271.91429153
45.0230214776	-272.475937038
44.7769963926	-273.038681174
44.5017736129	-273.66831985
44.2521550826	-274.239975124
44.0054662391	-274.807846217
43.7578237224	-275.377792506
43.5099752126	-275.943588404
43.2625386898	-276.506820826
43.0101735764	-277.083114772
42.7579305341	-277.658920432
42.5064428014	-278.235824734
42.260837333	-278.803451686
42.0143773722	-279.373031765
41.769405145	-279.937484886
41.520908134	-280.509018091
41.2724111256	-281.080551296
41.0224416408	-281.654281763
40.7739064854	-282.224594264
40.5251271892	-282.794418482
40.2755010305	-283.365463402
40.0244634319	-283.940414576
39.7758519821	-284.510727075
39.5264165579	-285.083236843
39.2574727707	-285.641342308
38.9718282394	-286.187484886
38.6945302647	-286.733627464
38.4149968788	-287.282455592
38.1342961938	-287.832748561
37.8511464762	-288.387802271
37.5708043758	-288.937362821
37.2888219522	-289.490707541
37.0073354424	-290.042465359
36.7261464763	-290.593490751
36.4413411774	-291.152084498
36.1569020921	-291.710312037
35.8744619061	-292.264022972
35.59025933	-292.821273952
35.3080709156	-293.375106956
35.0245473557	-293.931503443
34.7422826472	-294.485336451
34.4569890667	-295.044906762
34.1748159092	-295.598007348
33.8929937052	-296.149887232
33.6073033976	-296.709945826
33.3223989177	-297.268539578
33.0404317544	-297.821151881
32.7582814865	-298.3741304
32.4751241369	-298.928695828
32.1915700613	-299.484359885
31.9096563032	-300.036728055
31.6273687047	-300.590316917
31.3454320598	-301.143661647
31.0274770417	-301.767563016
30.7452275915	-302.320785671
30.4627111126	-302.874618679
30.1784932779	-303.432357934
29.8936040568	-303.99168411
29.6105458917	-304.546859889
29.3237798376	-305.109726101
29.0371511161	-305.672592311
28.7522008595	-306.232650904
28.4704854651	-306.786483912
28.1878926923	-307.341171409
27.9045140917	-307.896835476
27.6207997953	-308.452865746
27.3373296417	-309.009506375
27.0559575724	-309.561630393
26.7683217695	-310.111801295
26.4820897745	-310.659530786
26.196361321	-311.207870631
25.9090535819	-311.759506372
25.6222417527	-312.310165551
25.3188359895	-312.849716336
25.0214803388	-313.389145045
24.7219808283	-313.932357937
24.4231755899	-314.474350124
24.1254918731	-315.014389187
23.824878472	-315.55979934
23.5265615153	-316.101181177
23.2225148841	-316.652694849
22.9204518975	-317.19969192
22.6187780083	-317.74620071
22.3195989298	-318.28831497
22.017902152	-318.834457543
21.7157552422	-319.381332545
21.4122960735	-319.930893094
21.1126821222	-320.473129419
20.8110692666	-321.018905786
20.5091664972	-321.565414574
20.208400504	-322.110092309
19.9069097223	-322.655746608
19.604816216	-323.202377467
19.3025701223	-323.75010696
19.0033986731	-324.293808131
18.703868644	-324.837631374
18.4105336835	-325.382797386
18.1676671682	-325.941024929
17.915324943	-326.49803176
17.6607778248	-327.060897978
17.4070928254	-327.623764188
17.153522269	-328.185775904
16.898357171	-328.751327662
16.6298940342	-329.347152858
16.37428643	-329.914169459
16.1182515788	-330.481674341
15.8622319852	-331.049789579
15.6078298258	-331.613998563
15.3533895194	-332.178207544
15.0952413249	-332.750961454
14.8372991255	-333.323349146
14.5796773612	-333.89537063
14.3239324261	-334.462387232
14.0660131158	-335.033920437
13.8108861608	-335.599350124
13.5559346846	-336.164169458
13.2959020307	-336.740097195
13.0392797171	-337.308700708
12.7832448666	-337.876449734
12.5249593426	-338.448837426
12.2691762605	-339.015731958
12.0125234287	-339.584701687
11.7567250894	-340.151840357
11.5021398243	-340.716903836
11.2466542891	-341.284286647
10.9916265181	-341.851425318
10.7350499798	-342.422592308
10.480037468	-342.989486844
10.2238805472	-343.556991725
9.96911217575	-344.121078641
9.70632530953	-344.678451685
9.4365880643	-345.236557159
9.16838433052	-345.797104029
8.89942528401	-346.358505398
8.6327245413	-346.914413599
8.35638024297	-347.46495071
8.07560326427	-348.012924343
7.79727532109	-348.560531765
7.51780297072	-349.109848166
7.23535515531	-349.665146025
6.92552544514	-350.194076684
6.61671807058	-350.717392114
6.30862023128	-351.244735866
5.99734093435	-351.776230007
5.6809575723	-352.315658716
5.37049462227	-352.845688015
5.05890251813	-353.378036647
4.76157738466	-353.925888206
4.46411492128	-354.461898953
4.16649986932	-354.997543481
3.86541344493	-355.539291531
3.56604363292	-356.077377466
3.26220299432	-356.623764186
2.93059899204	-357.219223169
2.62749077461	-357.763900905
2.32346703333	-358.310409697
2.02143456117	-358.852646022
1.71739556035	-359.397934105
1.4124105146	-359.946518091
1.11210228736	-360.487533716
0.808894889662	-361.034408714
0.506053704303	-361.580795436
0.201564567338	-362.130600126
-0.100528938463	-362.675521995
-0.401233894983	-363.217636257
-0.703174812545	-363.761947779
-1.00532935321	-364.306015158
-1.30841468018	-364.85203567
-1.61104987445	-365.397934106
-1.9125406564	-365.94200149
-2.21648047585	-366.490951686
-2.51756690245	-367.036117699
-2.8177759485	-367.579330591
-3.12257788796	-368.128891139
-3.42557929282	-368.674911646
-3.72647498304	-369.217392115
-4.02864478237	-369.761825709
-4.33033393137	-370.305404811
-4.63095496403	-370.847885282
-4.93293402938	-371.393295436
-5.23416541226	-371.936752465
-5.53870032588	-372.486068876
-5.83906958828	-373.02769485
-6.14259742002	-373.574569851
-6.44400427968	-374.11705032
-6.7460825271	-374.66038528
-7.05180762429	-375.210800319
-7.35694525926	-375.760971216
-7.65856574278	-376.304794459
-7.9598352731	-376.84837356
-8.26166175143	-377.392318877
-8.56342719187	-377.936264188
-8.86960242456	-378.488266139
-9.17354987329	-379.036361841
-9.47716925846	-379.583969264
-9.78017828974	-380.130600123
-10.0820276578	-380.675155786
-10.3884432134	-381.228134304
-10.6898805924	-381.771957544
-10.9924509348	-382.317611838
-11.2955477064	-382.864242703
-11.5966837237	-383.407577662
-11.898975594	-383.953231961
-12.2450144128	-384.577133327
-12.5502779317	-385.127670436
-12.854229195	-385.676132352
-13.1561357809	-386.220932157
-13.4561502757	-386.762558133
-13.7588388742	-387.309311058
-14.0615694368	-387.856430204
-14.3637087178	-388.402328638
-14.6647035912	-388.945907739
-14.9671289743	-389.491684106
-15.2710497192	-390.040512234
-15.5739404988	-390.586898949
-15.8765985789	-391.13279739
-16.1831476531	-391.685287623
-16.4832155546	-392.226059107
-16.7878229451	-392.775253444
-17.0895769434	-393.319076685
-17.3920824358	-393.864364771
-17.6930239038	-394.406967308
-17.995262366	-394.951889186
-18.2955210049	-395.493148951
-18.5959780045	-396.034652857
-18.8987848576	-396.580185082
-19.1997454002	-397.122665552
-19.5015795053	-397.666732932
-19.8073122348	-398.217758328
-20.1109583199	-398.765121607
-20.4125177687	-399.30857864
-20.7132646876	-399.850814965
-21.0204393686	-400.404281763
-21.3206522306	-400.945297388
-21.6224558175	-401.4892427
-21.9247324304	-402.034042506
-22.228199225	-402.580429226
-22.5326883632	-403.128524929
-22.8337976747	-403.670517114
-23.1377336808	-404.217758324
-23.4417040172	-404.764633325
-23.7453424756	-405.310775904
-24.0502970035	-405.859359885
-24.354236824	-406.405990748
-24.656631691	-406.949936061
-24.9618913969	-407.499374538
-25.2636720974	-408.042465358
-25.5648729641	-408.584945824
-25.8664324117	-409.128280786
-26.1690714175	-409.674057155
-26.469753486	-410.216293482
-26.774067145	-410.765365745
-27.0776979742	-411.313217309
-27.4211199105	-411.932235867
-27.722576363	-412.475814966
-28.0233499834	-413.018661648
-28.3242800062	-413.561508328
-28.6274874043	-414.108871606
-28.9293176964	-414.65367141
-29.2321626963	-415.200180201
-29.5365793542	-415.749374535
-29.8359529807	-416.289413599
-30.1356699305	-416.830185086
-30.4350778874	-417.37071243
-30.7365610426	-417.914657741
-31.0388376534	-418.460434106
-31.340488655	-419.005355984
-31.6432764364	-419.552108913
-31.9483606645	-420.10252395
-32.2493059452	-420.645370633
-32.5509493179	-421.189315943
-32.8507654489	-421.730453637
-33.153194648	-422.276107936
-33.4537966067	-422.817978057
-33.7568895661	-423.364120631
-34.0614359202	-423.912460473
-34.3632623982	-424.456405789
-34.6648218463	-424.999862817
-34.9655878388	-425.541488798
-35.2723619761	-426.093856957
-35.575729591	-426.639999539
-35.8769953097	-427.182602077
-36.1828615504	-427.733749538
-36.4846689535	-428.277572781
-36.7925493547	-428.83226028
-37.0944635702	-429.376083519
-37.399730905	-429.926132347
-37.7013437588	-430.469833524
-38.0043375325	-431.016464382
-38.3049242328	-431.558456567
-38.6057855904	-432.100570826
-38.9116632775	-432.651352078
-39.2186624829	-433.205185085
-39.5198023143	-433.749008324
-39.8255960771	-434.296859887
-40.1328508679	-434.844711452
-40.4381601646	-435.39207473
-40.7425577485	-435.942855981
-41.0433237379	-436.486801294
-41.3476373977	-437.03562942
-41.6522142717	-437.585434109
-41.9551870648	-438.13377395
-42.2553846663	-438.676986843
-42.5820791549	-439.267440947
-42.889824135	-439.822982937
-43.1908495268	-440.366684107
-43.4940817184	-440.914291527
-43.7961504287	-441.459823756
-44.0966989832	-442.002426296
-44.399078591	-442.548446803
-44.6990797337	-443.089950711
-45.0029833141	-443.63792434
-45.3098604504	-444.190780789
-45.6136343308	-444.738021997
-45.9201090175	-445.289901882
-46.2224485701	-445.833969262
-46.5242426238	-446.377060085
-46.8254091561	-446.9189302
-47.1329672175	-447.472396998
-47.4342500997	-448.013900906
-47.7406122509	-448.564315943
-48.0428697879	-449.107895042
-48.3480226811	-449.657577663
-48.650219184	-450.201889185
-48.951736672	-450.745102074
-49.2543585133	-451.291366723
-49.5575239495	-451.838607937
-49.8598863893	-452.384506369
-50.1600305879	-452.92649856
-50.4617388088	-453.471420438
-50.7646982503	-454.018661648
-51.0648062056	-454.560165553
-51.3687822638	-455.108139185
-51.6703417134	-455.651962429
-51.9706461255	-456.193466333
-52.2767469722	-456.745224148
-52.579712135	-457.291000512
-52.8839723902	-457.838607937
-53.1861708008	-458.38255325
-53.4872019121	-458.924545436
-53.7924196548	-459.474472194
-54.0981447533	-460.025619653
-54.4007723162	-460.570785673
-54.7031671829	-461.115829614
-55.0036203688	-461.657089378
-55.3085520084	-462.206283719
-55.6113970117	-462.751693875
-55.9178736024	-463.303695823
-56.225300056	-463.857772975
-56.5282671287	-464.404281766
-56.8284036954	-464.947006372
-57.1277239154	-465.488021998
-57.429020148	-466.031967307
-57.7475931478	-466.607040551
-58.0527441317	-467.157943873
-58.3586370777	-467.710800319
-58.6584942166	-468.252670433
-58.9602854081	-468.797470241
-59.2622368175	-469.342270044
-59.5655462579	-469.889267115
-59.8668329554	-470.432357935
-60.167760117	-470.974716334
-60.4690325097	-471.518051297
-60.7718469934	-472.064315946
-61.0723135294	-472.60618606
-61.3761579831	-473.153671415
-61.6795732806	-473.700790554
-61.9807455371	-474.244491728
-62.2826034843	-474.789901882
-62.5861580209	-475.337631374
-62.8879616073	-475.881942894
-63.1877367329	-476.422470239
-63.4888489075	-476.966293482
-63.7925884556	-477.515731959
-64.0960123372	-478.064682156
-64.3975479442	-478.607772972
-64.6979563064	-479.14927688
-64.9992630309	-479.692855984
-65.3004019092	-480.23582473
-65.6025454829	-480.779892116
-65.9040405578	-481.32408157
-66.2048127473	-481.867904812
-66.5054085093	-482.411361843
-66.806670887	-482.955307154
-67.1098968822	-483.502670433
-67.4119002649	-484.046737822
-67.7126114204	-484.588241728
-68.0187647174	-485.140609887
-68.3207704859	-485.685775902
-68.6242401433	-486.233383324
-68.9253551795	-486.776474149
-69.2272989593	-487.321029812
-69.529145461	-487.865463404
-69.8297827069	-488.408065944
-70.1362783739	-488.961044458
-70.4376518551	-489.504867701
-70.7409517602	-490.052230985
-71.0427458123	-490.596664578
-71.3442966783	-491.140121606
-71.6455061273	-491.68345657
-71.9473078067	-492.228500513
-72.2480547252	-492.771591334
-72.5509035416	-493.317611845
-72.8737165749	-493.899276881
-73.1743452396	-494.441879419
-73.4772016843	-494.989364773
-73.7784530938	-495.534286645
-74.0834314659	-496.085189968
-74.3868448552	-496.633041527
-74.6900923073	-497.181381373
-74.99265216	-497.727646022
-75.2948973019	-498.27330032
-75.596130594	-498.816269065
-75.89904998	-499.363388211
-76.199293358	-499.905746607
-76.5008852315	-500.448471215
-76.8052122433	-500.993637232
-77.1137201616	-501.539779811
-77.4205934836	-502.089584501
-77.7193357771	-502.633407744
-78.0184824292	-503.178451686
-78.322494729	-503.725204612
-78.6267969431	-504.271103057
-78.9346544564	-504.82481399
-79.2398741069	-505.374252467
-79.5418398204	-505.920395042
-79.8412039115	-506.460189967
-80.1396066974	-506.995590358
-80.4489118879	-507.546249539
-80.7601015386	-508.094833523
-81.0631792384	-508.637313989
-81.3652307817	-509.188339381
-81.6919290838	-509.722641137
-82.0060694043	-510.244613797
-82.3223192525	-510.766830591
-82.6435797034	-511.296371607
-82.965641244	-511.827865749
-83.2882158573	-512.35984817
-83.6097795804	-512.887680204
-83.930767281	-513.412704613
-84.2561361619	-513.945175316
-84.5794527359	-514.478988793
-84.9109270396	-515.014389187
-85.2549192745	-515.521835476
-85.5924036334	-516.028793483
-85.9335081415	-516.538803247
-86.2748796769	-517.052475124
-86.6400263137	-517.549667506
-87.0252401647	-518.021835475
-87.4062120749	-518.507797389
-87.7892191237	-518.994980005
-88.1706011116	-519.479599141
-88.550743324	-519.960434108
-88.9366381001	-520.446884301
-89.3117430055	-520.919662623
-89.6620561911	-521.36058059
-89.9633028343	-521.738388208
-90.2157041869	-522.054062038
-90.4179193802	-522.306259301
-90.5613901441	-522.48484817
-90.6389772731	-522.580307152
